-0.47796027032
-0.27983891607
-0.16138497495
-0.2455763801
-0.29825412556
-0.28194099554
-0.52661350268
-0.31583752218
-1.7773845048
-0.34036912438
-0.35984220064
-0.98489496645
-0.59644204672
-0.75559900139
-1.5297305446
-0.71506848268
-0.4156004006
-1.9001850722
-2.4277927303
-0.9247011241
-1.786980867
-1.5950969752
-2.5252032392
-2.2268339363
-2.002331447
-2.1749878755
-2.2821522298
-1.7583763916
-1.6826829171
-1.3477090913
-2.1005365611
-4.2871980891
-3.4854636984
-3.1329335422
-3.4646643572
-3.5634082851
-2.9416863643
-2.0444625642
-2.0758994717
-2.8054171245
-3.3930211645
-2.7557124407
-2.7757680619
-3.6445048383
-2.9423231529
-2.1077936309
-2.8198403011
-2.3350811522
-1.7322525414
-0.68080792189
