[-1.04000000e+01 -4.77960270e-01 -2.38980135e-01 -2.38980135e-01
  1.73235901e+00  3.94567399e-01  1.33779161e+00 -4.71612104e-01
 -3.21697855e-21  9.92592866e-23 -5.64250244e-21 -2.72199193e-21
 -2.92051050e-21]
[-1.08000000e+01 -2.79838916e-01 -1.39919458e-01 -1.39919458e-01
  9.57037711e-01  3.39167923e-01  6.17869787e-01 -1.39350932e-01
  1.76941739e-21  1.18994969e-22  3.24735263e-21  1.74267128e-21
  1.50468135e-21]
[-1.12000000e+01 -1.61384975e-01 -8.06924875e-02 -8.06924875e-02
 -1.31642336e+00  8.95056025e-02 -1.40592896e+00  7.47717282e-01
 -4.76841953e-22 -1.64236543e-22 -8.71636041e-22 -6.00054563e-22
 -2.71581478e-22]
[-1.16000000e+01 -2.45576380e-01 -1.22788190e-01 -1.22788190e-01
  1.15266468e+00  2.18264551e-01  9.34400124e-01 -3.58067787e-01
 -4.96869059e-22 -7.82475169e-22 -9.38522540e-22 -1.25173644e-21
  3.13213899e-22]
[-1.20000000e+01 -2.98254126e-01 -1.49127063e-01 -1.49127063e-01
 -1.44371053e+00  7.96388931e-02 -1.52334943e+00  8.01494160e-01
  7.37673603e-22  1.29703069e-21  1.27942494e-21  1.93674316e-21
 -6.57318217e-22]
[-1.24000000e+01 -2.81940996e-01 -1.40970498e-01 -1.40970498e-01
 -1.00353144e+00 -1.29249423e-02 -9.90606493e-01  4.88840775e-01
  3.40955727e-22 -8.07863845e-23  6.31723854e-22  2.35075542e-22
  3.96648311e-22]
[-1.28000000e+01 -5.26613503e-01 -2.63306751e-01 -2.63306751e-01
 -1.59914633e+00  2.52362627e-02 -1.62438259e+00  8.24809428e-01
 -4.01913091e-21 -2.83519013e-21 -9.45632523e-21 -7.56335275e-21
 -1.89297248e-21]
[-1.32000000e+01 -3.15837522e-01 -1.57918761e-01 -1.57918761e-01
 -1.09228434e+00 -1.00960580e-01 -9.91323763e-01  4.45181592e-01
 -1.13412064e-21 -5.74080901e-23 -2.34045977e-21 -1.22763798e-21
 -1.11282180e-21]
[-1.36000000e+01 -1.77738450e+00 -8.88692252e-01 -8.88692252e-01
 -3.28968857e+00  6.22420893e-01 -3.91210946e+00  2.26726518e+00
 -8.63076490e-21 -6.90803854e-21 -1.49907195e-20 -1.44033983e-20
 -5.87321235e-22]
[-1.40000000e+01 -3.40369124e-01 -1.70184562e-01 -1.70184562e-01
 -1.09526402e+00 -1.72830923e-01 -9.22433097e-01  3.74801087e-01
 -2.57838387e-21 -3.84607039e-21 -2.41061088e-21 -5.05137584e-21
  2.64076495e-21]
[-1.44000000e+01 -3.59842201e-01 -1.79921100e-01 -1.79921100e-01
 -1.17363428e+00 -5.03772877e-02 -1.12325699e+00  5.36439851e-01
 -7.61447540e-22  6.95800713e-22 -2.49739441e-21 -5.52896493e-22
 -1.94449792e-21]
[-1.48000000e+01 -9.84894966e-01 -4.92447483e-01 -4.92447483e-01
 -2.28966376e+00  3.11389767e-01 -2.60105352e+00  1.45622164e+00
 -5.37776374e-21 -5.93147631e-21 -1.10048937e-20 -1.14339232e-20
  4.29029464e-22]
[-1.52000000e+01 -5.96442047e-01 -2.98221023e-01 -2.98221023e-01
 -1.51897148e+00  1.55629426e-01 -1.67460091e+00  9.15115168e-01
 -9.12633068e-23 -3.02997384e-21  2.29081080e-21 -1.88456844e-21
  4.17537924e-21]
[-1.56000000e+01 -7.55599001e-01 -3.77799501e-01 -3.77799501e-01
 -1.44664166e+00  2.79759858e-01 -1.72640152e+00  1.00308069e+00
  4.93943081e-22  1.74742567e-21  9.24554223e-22  2.20970278e-21
 -1.28514856e-21]
[-1.60000000e+01 -1.52973054e+00 -7.64865272e-01 -7.64865272e-01
 -2.10249513e+00  7.78656529e-01 -2.88115165e+00  1.82990409e+00
 -2.36717325e-20 -2.33381922e-20 -2.95277168e-20 -3.81020506e-20
  8.57433377e-21]
[-1.64000000e+01 -7.15068483e-01 -3.57534241e-01 -3.57534241e-01
 -9.49836150e-01  2.16773375e-01 -1.16660953e+00  6.91691451e-01
 -4.14747192e-21 -3.23515765e-21 -8.12971477e-21 -7.30001504e-21
 -8.29699737e-22]
[-1.68000000e+01 -4.15600401e-01 -2.07800200e-01 -2.07800200e-01
 -4.59712182e-01  1.24371653e-01 -5.84083835e-01  3.54227744e-01
  2.31094275e-21 -7.39252217e-23  5.64943393e-21  2.75079175e-21
  2.89864219e-21]
[-1.72000000e+01 -1.90018507e+00 -9.50092536e-01 -9.50092536e-01
 -2.12329014e+00  1.06788413e+00 -3.19117427e+00  2.12952920e+00
 -7.50887820e-21 -8.10267339e-21 -3.98962714e-21 -1.00974870e-20
  6.10785982e-21]
[-1.76000000e+01 -2.42779273e+00 -1.21389637e+00 -1.21389637e+00
 -2.11903819e+00  1.24749693e+00 -3.36653512e+00  2.30701603e+00
  1.29608976e-20  8.88497312e-21  2.00336787e-20  1.89018125e-20
  1.13186623e-21]
[-1.80000000e+01 -9.24701124e-01 -4.62350562e-01 -4.62350562e-01
 -1.09184973e+00  2.29448429e-01 -1.32129816e+00  7.75373292e-01
 -4.64122186e-21 -3.54630576e-21 -6.34989567e-21 -6.72125359e-21
  3.71357926e-22]
[-1.84000000e+01 -1.78698087e+00 -8.93490434e-01 -8.93490434e-01
 -1.69733564e+00  9.00922474e-01 -2.59825811e+00  1.74959029e+00
  1.29638902e-20  1.15485883e-20  1.61282983e-20  1.96127374e-20
 -3.48443913e-21]
[-1.88000000e+01 -1.59509698e+00 -7.97548488e-01 -7.97548488e-01
 -1.48621138e+00  7.57972376e-01 -2.24418375e+00  1.50107806e+00
 -5.21149306e-21 -3.93531518e-21 -1.10222127e-20 -9.44642153e-21
 -1.57579117e-21]
[-1.92000000e+01 -2.52520324e+00 -1.26260162e+00 -1.26260162e+00
 -1.52564401e+00  1.51656740e+00 -3.04221141e+00  2.27938941e+00
 -8.46070494e-21 -4.98864726e-21 -9.12413243e-21 -9.55071347e-21
  4.26581042e-22]
[-1.96000000e+01 -2.22683394e+00 -1.11341697e+00 -1.11341697e+00
 -1.13272965e+00  1.26724979e+00 -2.39997944e+00  1.83361462e+00
  4.94429907e-21  2.09922730e-21  2.19164240e-21  3.19504850e-21
 -1.00340610e-21]
[-2.00000000e+01 -2.00233145e+00 -1.00116572e+00 -1.00116572e+00
 -9.34457975e-01  1.13549578e+00 -2.06995375e+00  1.60272476e+00
 -4.79864033e-22 -1.23957263e-22 -3.74452612e-22 -3.11183568e-22
 -6.32690432e-23]
[-2.04000000e+01 -2.17498788e+00 -1.08749394e+00 -1.08749394e+00
 -6.98215457e-01  1.40190578e+00 -2.10012124e+00  1.75101351e+00
 -5.15474659e-21 -2.22759240e-21 -5.43222472e-21 -4.94370476e-21
 -4.88519960e-22]
[-2.08000000e+01 -2.28215223e+00 -1.14107611e+00 -1.14107611e+00
 -3.95387223e-01  1.60175715e+00 -1.99714437e+00  1.79945076e+00
 -7.79080433e-22 -4.28715177e-22 -1.41229586e-21 -1.13486311e-21
 -2.77432753e-22]
[-2.12000000e+01 -1.75837639e+00 -8.79188196e-01 -8.79188196e-01
 -3.31365604e-01  1.14418298e+00 -1.47554858e+00  1.30986578e+00
  4.32832966e-21  2.23292454e-21  6.42372235e-21  5.44478571e-21
  9.78936637e-22]
[-2.16000000e+01 -1.68268292e+00 -8.41341459e-01 -8.41341459e-01
 -3.63133351e-01  1.09833208e+00 -1.46146543e+00  1.27989875e+00
 -2.16501185e-21 -1.03910738e-21 -2.81495521e-21 -2.44658499e-21
 -3.68370224e-22]
[-2.20000000e+01 -1.34770909e+00 -6.73854546e-01 -6.73854546e-01
 -3.93146368e-01  8.28954624e-01 -1.22210099e+00  1.02552781e+00
  2.72354233e-21  1.09519738e-21  1.55336036e-21  1.87187756e-21
 -3.18517197e-22]
[-2.24000000e+01 -2.10053656e+00 -1.05026828e+00 -1.05026828e+00
 -7.68052241e-01  1.35885276e+00 -2.12690501e+00  1.74287888e+00
  8.58326643e-21  4.53377705e-21  8.54871223e-21  8.80813317e-21
 -2.59420939e-22]
[-2.28000000e+01 -4.28719809e+00 -2.14359904e+00 -2.14359904e+00
 -7.76670978e-01  2.99342758e+00 -3.77009856e+00  3.38176307e+00
  1.34640319e-20  5.16154580e-21  1.37593699e-20  1.20412308e-20
  1.71813915e-21]
[-2.32000000e+01 -3.48546370e+00 -1.74273185e+00 -1.74273185e+00
 -3.97534953e-01  2.27806955e+00 -2.67560451e+00  2.47683703e+00
 -1.53504585e-22 -9.28680968e-23 -1.22738326e-21 -7.06559727e-22
 -5.20823533e-22]
[-2.36000000e+01 -3.13293354e+00 -1.56646677e+00 -1.56646677e+00
 -5.26408797e-01  1.73071710e+00 -2.25712590e+00  1.99392150e+00
 -3.44974395e-21 -3.84791188e-21 -1.21341445e-20 -9.91498411e-21
 -2.21916036e-21]
[-2.40000000e+01 -3.46466436e+00 -1.73233218e+00 -1.73233218e+00
 -2.44524526e-01  2.09762866e+00 -2.34215318e+00  2.21989092e+00
 -7.56626877e-21 -5.27655086e-21 -1.45789700e-20 -1.25660359e-20
 -2.01293414e-21]
[-2.44000000e+01 -3.56340829e+00 -1.78170414e+00 -1.78170414e+00
  1.11344846e-01  2.31715751e+00 -2.20581266e+00  2.26148508e+00
 -2.68783938e-21 -4.13404958e-21 -1.17227812e-20 -9.99544019e-21
 -1.72734102e-21]
[-2.48000000e+01 -2.94168636e+00 -1.47084318e+00 -1.47084318e+00
  4.03782831e-01  2.06984722e+00 -1.66606439e+00  1.86795581e+00
 -8.79750607e-22  1.02257314e-22 -4.52756698e-22 -1.24121035e-22
 -3.28635662e-22]
[-2.52000000e+01 -2.04446256e+00 -1.02223128e+00 -1.02223128e+00
  7.39932323e-01  1.82124153e+00 -1.08130920e+00  1.45127536e+00
  6.37759789e-21  4.30732464e-21  1.20841593e-20  1.03494043e-20
  1.73475500e-21]
[-2.56000000e+01 -2.07589947e+00 -1.03794974e+00 -1.03794974e+00
  8.84035814e-01  1.78368577e+00 -8.99649960e-01  1.34166787e+00
  1.14812838e-20  4.19221701e-21  1.60852583e-20  1.22348462e-20
  3.85041213e-21]
[-2.60000000e+01 -2.80541712e+00 -1.40270856e+00 -1.40270856e+00
  8.75791393e-01  2.20679463e+00 -1.33100323e+00  1.76889893e+00
  7.82382399e-21  2.21335312e-21  8.54894918e-21  6.48782771e-21
  2.06112147e-21]
[-2.64000000e+01 -3.39302116e+00 -1.69651058e+00 -1.69651058e+00
  1.52863401e+00  3.03917509e+00 -1.51054108e+00  2.27485809e+00
  6.29883809e-21  3.49406923e-21  1.06993644e-20  8.84375143e-21
  1.85561298e-21]
[-2.68000000e+01 -2.75571244e+00 -1.37785622e+00 -1.37785622e+00
  6.52231768e-01  2.08867791e+00 -1.43644614e+00  1.76256202e+00
 -6.88653407e-21 -2.28923449e-21 -7.73830153e-21 -6.15838526e-21
 -1.57991628e-21]
[-2.72000000e+01 -2.77576806e+00 -1.38788403e+00 -1.38788403e+00
  1.59056579e-01  1.93523638e+00 -1.77617980e+00  1.85570809e+00
 -1.10498058e-21  1.00501495e-22  3.44931152e-23  1.17748053e-22
 -8.32549376e-23]
[-2.76000000e+01 -3.64450484e+00 -1.82225242e+00 -1.82225242e+00
  5.37038235e-01  2.79714674e+00 -2.26010851e+00  2.52862762e+00
  3.64923706e-21 -7.10696256e-22 -7.10815725e-22 -1.06610412e-21
  3.55288393e-22]
[-2.80000000e+01 -2.94232315e+00 -1.47116158e+00 -1.47116158e+00
  8.42707925e-01  2.36797694e+00 -1.52526902e+00  1.94662298e+00
 -9.63062048e-21 -1.68853292e-21 -7.65800652e-21 -5.51753618e-21
 -2.14047034e-21]
[-2.84000000e+01 -2.10779363e+00 -1.05389682e+00 -1.05389682e+00
 -1.37206387e-01  1.12275793e+00 -1.25996432e+00  1.19136112e+00
  3.47558725e-23  7.67540993e-22  1.57313537e-21  1.55410868e-21
  1.90266946e-23]
[-2.88000000e+01 -2.81984030e+00 -1.40992015e+00 -1.40992015e+00
  2.53475324e-01  1.91970196e+00 -1.66622664e+00  1.79296430e+00
 -4.91562476e-21 -2.75864380e-22 -2.04983086e-21 -1.30077981e-21
 -7.49051050e-22]
[-2.92000000e+01 -2.33508115e+00 -1.16754058e+00 -1.16754058e+00
  4.95040670e-01  1.69918687e+00 -1.20414620e+00  1.45166654e+00
 -2.96980098e-21 -6.18440949e-21 -1.31935898e-20 -1.27812044e-20
 -4.12385437e-22]
[-2.96000000e+01 -1.73225254e+00 -8.66126271e-01 -8.66126271e-01
  6.13331234e-01  1.37348881e+00 -7.60157578e-01  1.06682320e+00
 -8.08549171e-21  3.03066513e-21 -2.96753505e-21  1.54689761e-21
 -4.51443266e-21]
[-3.00000000e+01 -6.80807922e-01 -3.40403961e-01 -3.40403961e-01
  2.06880717e-01  7.09172344e-01 -5.02291627e-01  6.05731986e-01
  2.44247407e-21  1.18265253e-21  5.57594328e-21  3.97062417e-21
  1.60531911e-21]
