[[ 6.06783885e-02 -8.18399186e-04  4.10770867e-22  1.66885761e-02
  -7.96628476e-04  4.06280243e-22  4.39898124e-02 -2.17707100e-05
   4.49062376e-24 -2.20775047e-22  5.03931747e-23  3.00254354e-02
  -2.18573268e-22  5.06232909e-23  8.03960064e-03 -2.20177896e-24
  -2.30116123e-25  2.19858347e-02]]
[[ 2.38980135e-01 -8.66179503e-01 -2.82125122e-21  1.88092943e-01
  -8.65278409e-01 -3.42162634e-21  5.08871919e-02 -9.01093554e-04
   6.00375121e-22  1.60848928e-21 -4.96296433e-23 -2.35806052e-01
   1.85289052e-21  4.28046595e-22 -2.62078134e-01 -2.44401247e-22
  -4.77676238e-22  2.62720817e-02]]
[[ 1.39919458e-01 -4.78518855e-01  1.62367632e-21  1.01848723e-01
  -4.75398646e-01  1.68265187e-21  3.80707351e-02 -3.12020912e-03
  -5.89755535e-23 -8.84708696e-22 -5.94974843e-23 -6.96754660e-02
  -9.05788888e-22 -1.07034362e-22 -8.95554082e-02  2.10801920e-23
   4.75368776e-23  1.98799422e-02]]
[[ 8.06924875e-02  6.58211680e-01 -4.35818020e-22  3.31390118e-02
   6.57581529e-01 -2.20836720e-22  4.75534757e-02  6.30150957e-04
  -2.14981300e-22  2.38420976e-22  8.21182713e-23  3.73858641e-01
   1.19217683e-22  2.85059705e-23  3.49572422e-01  1.19203294e-22
   5.36123008e-23  2.42862188e-02]]
[[ 1.22788190e-01 -5.76332338e-01 -4.69261270e-22  7.67551862e-02
  -5.73949340e-01 -5.62067811e-22  4.60330039e-02 -2.38299716e-03
   9.28065406e-23  2.48434530e-22  3.91237584e-22 -1.79033893e-01
   2.82734163e-22  4.25463990e-22 -2.01671303e-01 -3.42996334e-23
  -3.42264060e-23  2.26374095e-02]]
[[ 1.49127063e-01  7.21855267e-01  6.39712470e-22  9.94013848e-02
   7.21958112e-01  2.03218618e-22  4.97256780e-02 -1.02844766e-04
   4.36493852e-22 -3.68836802e-22 -6.48515344e-22  4.00747080e-01
  -1.39326761e-22 -3.90317678e-22  3.76456948e-01 -2.29510041e-22
  -2.58197666e-22  2.42901318e-02]]
[[ 1.40970498e-01  5.01765718e-01  3.15861927e-22  9.68662288e-02
   5.00987035e-01  2.39371821e-22  4.41042690e-02  7.78682901e-04
   7.64901061e-23 -1.70477863e-22  4.03931922e-23  2.44420388e-01
  -1.14112603e-22  1.76582991e-22  2.23760215e-01 -5.63652606e-23
  -1.36189798e-22  2.06601723e-02]]
[[ 2.63306751e-01  7.99573166e-01 -4.72816262e-21  2.23558271e-01
   7.96378059e-01 -4.72000964e-21  3.97484807e-02  3.19510710e-03
  -8.15297887e-24  2.00956545e-21  1.41759507e-21  4.12404714e-01
   1.97235404e-21  1.31618916e-21  3.93805835e-01  3.72114155e-23
   1.01405909e-22  1.85988789e-02]]
[[ 1.57918761e-01  5.46142172e-01 -1.17022989e-21  1.30657068e-01
   5.39653895e-01 -1.16530779e-21  2.72616935e-02  6.48827719e-03
  -4.92209667e-24  5.67060322e-22  2.87040451e-23  2.22590796e-01
   5.64720492e-22  2.89832098e-23  2.08980463e-01  2.33982923e-24
  -2.79164754e-25  1.36103324e-02]]
[[ 8.88692252e-01  1.64484428e+00 -7.49535977e-21  8.71132702e-01
   1.62638986e+00 -7.30168290e-21  1.75595504e-02  1.84544204e-02
  -1.93676870e-22  4.31538245e-21  3.45401927e-21  1.13363259e+00
   4.29151908e-21  3.57405806e-21  1.12182938e+00  2.38633690e-23
  -1.20038787e-22  1.18032118e-02]]
[[ 1.70184562e-01  5.47632010e-01 -1.20530544e-21  1.69926531e-01
   5.32832611e-01 -9.82007497e-22  2.58031091e-04  1.47993983e-02
  -2.23297943e-22  1.28919194e-21  1.92303520e-21  1.87400544e-01
   1.17453331e-21  1.82842935e-21  1.83422803e-01  1.14658623e-22
   9.46058483e-23  3.97774090e-03]]
[[ 1.79921100e-01  5.86817139e-01 -1.24869721e-21  1.71127378e-01
   5.76095017e-01 -9.34208024e-22  8.79372227e-03  1.07221222e-02
  -3.14489182e-22  3.80723770e-22 -3.47900357e-22  2.68219926e-01
   2.21193082e-22 -4.69795174e-22  2.60885918e-01  1.59530688e-22
   1.21894817e-22  7.33400801e-03]]
[[ 4.92447483e-01  1.14483188e+00 -5.50244685e-21  4.78025655e-01
   1.13123664e+00 -4.96631965e-21  1.44218278e-02  1.35952391e-02
  -5.36127196e-22  2.68888187e-21  2.96573816e-21  7.28110822e-01
   2.41399211e-21  2.78492943e-21  7.17416950e-01  2.74889766e-22
   1.80808729e-22  1.06938723e-02]]
[[ 2.98221023e-01  7.59485742e-01  1.14540540e-21  2.91450937e-01
   7.46516022e-01  1.03931538e-21  6.77008684e-03  1.29697200e-02
   1.06090016e-22  4.56316534e-23  1.51498692e-21  4.57557584e-01
   1.07305422e-22  1.58508400e-21  4.50065148e-01 -6.16737689e-23
  -7.00970807e-23  7.49243550e-03]]
[[ 3.77799501e-01  7.23320832e-01  4.62277112e-22  3.43690177e-01
   7.23657177e-01  2.32066446e-22  3.41093232e-02 -3.36345413e-04
   2.30210665e-22 -2.46971540e-22 -8.73712835e-22  5.01540345e-01
  -9.64159279e-23 -7.10461774e-22  4.84954125e-01 -1.50555612e-22
  -1.63251061e-22  1.65862193e-02]]
[[ 7.64865272e-01  1.05124756e+00 -1.47638584e-20  7.18813918e-01
   1.06468548e+00 -1.39577200e-20  4.60513544e-02 -1.34379203e-02
  -8.06138443e-22  1.18358663e-20  1.16690961e-20  9.14952046e-01
   1.14063290e-20  1.14009133e-20  8.97759419e-01  4.29537262e-22
   2.68182826e-22  1.71926269e-02]]
[[ 3.57534241e-01  4.74918075e-01 -4.06485739e-21  3.25577892e-01
   4.81384028e-01 -3.91309693e-21  3.19563495e-02 -6.46595245e-03
  -1.51760461e-22  2.07373596e-21  1.61757883e-21  3.45845725e-01
   1.97820160e-21  1.53520896e-21  3.32120906e-01  9.55343620e-23
   8.23698610e-23  1.37248193e-02]]
[[ 2.07800200e-01  2.29856091e-01  2.82471697e-21  1.70281775e-01
   2.38425730e-01  2.32438592e-21  3.75184253e-02 -8.56963943e-03
   5.00331045e-22 -1.15547138e-21  3.69626108e-23  1.77113872e-01
  -8.78478723e-22  2.26887009e-22  1.60845391e-01 -2.76992652e-22
  -1.89924399e-22  1.62684811e-02]]
[[ 9.50092536e-01  1.06164507e+00 -1.99481357e-21  9.00831610e-01
   1.08544118e+00 -1.10917199e-21  4.92609261e-02 -2.37961073e-02
  -8.85641586e-22  3.75443910e-21  4.05133670e-21  1.06476460e+00
   2.99512839e-21  3.49246527e-21  1.04986374e+00  7.59310711e-22
   5.58871423e-22  1.49008569e-02]]
[[ 1.21389637e+00  1.05951910e+00  1.00168394e-20  1.19413031e+00
   1.06043086e+00  9.80765057e-21  1.97660555e-02 -9.11761753e-04
   2.09188783e-22 -6.48044879e-21 -4.44248656e-21  1.15350801e+00
  -6.26059606e-21 -4.33107549e-21  1.14526687e+00 -2.19852731e-22
  -1.11411070e-22  8.24114239e-03]]
[[ 4.62350562e-01  5.45924863e-01 -3.17494783e-21  4.55962683e-01
   5.36335996e-01 -2.35998258e-21  6.38787930e-03  9.58886712e-03
  -8.14965253e-22  2.32061093e-21  1.77315288e-21  3.87686646e-01
   1.65240952e-21  1.19931008e-21  3.81720918e-01  6.68201413e-22
   5.73842803e-22  5.96572840e-03]]
[[ 8.93490434e-01  8.48667820e-01  8.06414913e-21  8.80253690e-01
   8.42122696e-01  7.64551290e-21  1.32367432e-02  6.54512424e-03
   4.18636225e-22 -6.48194511e-21 -5.77429413e-21  8.74795147e-01
  -6.24823115e-21 -5.62581034e-21  8.65847298e-01 -2.33713956e-22
  -1.48483788e-22  8.94784865e-03]]
[[ 7.97548488e-01  7.43105688e-01 -5.51110635e-21  7.89471285e-01
   7.31833954e-01 -5.51211458e-21  8.07720271e-03  1.12717334e-02
   1.00823549e-24  2.60574653e-21  1.96765759e-21  7.50539032e-01
   2.60390482e-21  1.96552056e-21  7.42443976e-01  1.84170683e-24
   2.13703246e-24  8.09505567e-03]]
[[ 1.26260162e+00  7.62822005e-01 -4.56206622e-21  1.24485053e+00
   7.67926760e-01 -4.02823393e-21  1.77510916e-02 -5.10475581e-03
  -5.33832280e-22  4.23035247e-21  2.49432363e-21  1.13969470e+00
   3.68393893e-21  2.17711031e-21  1.13296740e+00  5.46413535e-22
   3.17213321e-22  6.72730719e-03]]
[[ 1.11341697e+00  5.66364823e-01  1.09582120e-21  1.10177428e+00
   5.62291054e-01  2.95729001e-22  1.16426917e-02  4.07376907e-03
   8.00092201e-22 -2.47214954e-21 -1.04961365e-21  9.16807309e-01
  -1.79131845e-21 -6.59300376e-22  9.10069592e-01 -6.80831082e-22
  -3.90313273e-22  6.73771660e-03]]
[[ 1.00116572e+00  4.67228987e-01 -1.87226306e-22  9.91486620e-01
   4.60442938e-01 -3.06226521e-22  9.67910371e-03  6.78604914e-03
   1.19000215e-22  2.39932017e-22  6.19786313e-23  8.01362382e-01
   3.11162356e-22  1.04440461e-22  7.94542832e-01 -7.12303392e-23
  -4.24618296e-23  6.81955066e-03]]
[[ 1.08749394e+00  3.49107729e-01 -2.71611236e-21  1.07652305e+00
   3.51046993e-01 -2.22266033e-21  1.09708878e-02 -1.93926414e-03
  -4.93452028e-22  2.57737329e-21  1.11379620e-21  8.75506756e-01
   2.07186635e-21  8.78258961e-22  8.71215260e-01  5.05506940e-22
   2.35537239e-22  4.29149649e-03]]
[[ 1.14107611e+00  1.97693611e-01 -7.06147930e-22  1.13162721e+00
   2.05125759e-01 -6.60235275e-22  9.44890500e-03 -7.43214746e-03
  -4.59126548e-23  3.89540217e-22  2.14357589e-22  8.99725381e-01
   4.36718672e-22  2.13223337e-22  8.98338291e-01 -4.71784554e-23
   1.13425128e-24  1.38708966e-03]]
[[ 8.79188196e-01  1.65682802e-01  3.21186117e-21  8.68288499e-01
   1.78449586e-01  3.09949843e-21  1.08996966e-02 -1.27667837e-02
   1.12362747e-22 -2.16416483e-21 -1.11646227e-21  6.54932891e-01
  -2.04716735e-21 -1.06329471e-21  6.54564025e-01 -1.16997476e-22
  -5.31675606e-23  3.68866027e-04]]
[[ 8.41341459e-01  1.81566675e-01 -1.40747760e-21  8.24456116e-01
   2.10521219e-01 -1.67644760e-21  1.68853430e-02 -2.89545432e-02
   2.68969993e-22  1.08250592e-21  5.19553691e-22  6.39949376e-01
   1.31468466e-21  6.33740928e-22  6.41886856e-01 -2.32178739e-22
  -1.14187238e-22 -1.93748031e-03]]
[[ 6.73854546e-01  1.96573184e-01  7.76680182e-22  6.47290534e-01
   2.35822861e-01  1.49935436e-21  2.65640117e-02 -3.92496771e-02
  -7.22674175e-22 -1.36177116e-21 -5.47598689e-22  5.12763904e-01
  -1.88285346e-21 -8.59599179e-22  5.13348575e-01  5.21082294e-22
   3.12000490e-22 -5.84670786e-04]]
[[ 1.05026828e+00  3.84026120e-01  4.27435611e-21  1.01999160e+00
   4.28266016e-01  4.27752906e-21  3.02766799e-02 -4.42398960e-02
  -3.17294728e-24 -4.29163321e-21 -2.26688853e-21  8.71439442e-01
  -4.28615539e-21 -2.26470262e-21  8.72171247e-01 -5.47782330e-24
  -2.18590252e-24 -7.31804535e-04]]
[[ 2.14359904e+00  3.88335489e-01  6.87968495e-21  2.12739085e+00
   4.16470109e-01  5.90546178e-21  1.62081943e-02 -2.81346203e-02
   9.74223178e-22 -6.73201595e-21 -2.58077290e-21  1.69088154e+00
  -6.06381407e-21 -2.24015999e-21  1.69464689e+00 -6.68201884e-22
  -3.40612905e-22 -3.76535294e-03]]
[[ 1.74273185e+00  1.98767476e-01 -6.13691630e-22  1.73014028e+00
   1.74398254e-01 -5.40382611e-22  1.25915735e-02  2.43692223e-02
  -7.33090192e-23  7.67522926e-23  4.64340484e-23  1.23841851e+00
   1.04652612e-22  2.87076027e-23  1.22672819e+00 -2.79003193e-23
   1.77264458e-23  1.16903218e-02]]
[[ 1.56646677e+00  2.63204398e-01 -6.06707223e-21  1.55164145e+00
   2.08608678e-01 -6.05720866e-21  1.48253235e-02  5.45957204e-02
  -9.86357458e-24  1.72487198e-21  1.92395594e-21  9.96960750e-01
   1.72182089e-21  1.92067508e-21  9.73504056e-01  3.05108522e-24
   3.28085762e-24  2.34566939e-02]]
[[ 1.73233218e+00  1.22262263e-01 -7.28948500e-21  1.71183048e+00
   5.64911698e-02 -7.23700965e-21  2.05016980e-02  6.57710934e-02
  -5.24753525e-23  3.78313439e-21  2.63827543e-21  1.10994546e+00
   3.68025581e-21  2.62466966e-21  1.07931365e+00  1.02878576e-22
   1.36057730e-23  3.06318063e-02]]
[[ 1.78170414e+00 -5.56724229e-02 -5.86139061e-21  1.75658148e+00
  -1.20498950e-01 -5.58630196e-21  2.51226606e-02  6.48265273e-02
  -2.75088645e-22  1.34391969e-21  2.06702479e-21  1.13074254e+00
   1.13684709e-21  1.99309737e-21  1.09784182e+00  2.07072602e-22
   7.39274235e-23  3.29007175e-02]]
[[ 1.47084318e+00 -2.01891416e-01 -2.26378349e-22  1.44529686e+00
  -2.54269375e-01 -1.58685963e-22  2.55463195e-02  5.23779592e-02
  -6.76923861e-23  4.39875303e-22 -5.11286568e-23  9.33977903e-01
   3.46724193e-22 -5.86734961e-23  9.04872258e-01  9.31511102e-23
   7.54483930e-24  2.91056442e-02]]
[[ 1.02223128e+00 -3.69966162e-01  6.04207964e-21  9.98722347e-01
  -4.04624026e-01  6.31880021e-21  2.35089353e-02  3.46578647e-02
  -2.76720573e-22 -3.18879895e-21 -2.15366232e-21  7.25637682e-01
  -3.37528705e-21 -2.24078811e-21  7.04047537e-01  1.86488099e-22
   8.71257856e-23  2.15901450e-02]]
[[ 1.03794974e+00 -4.42017907e-01  8.04262914e-21  1.01961415e+00
  -4.65650253e-01  8.03239663e-21  1.83355843e-02  2.36323461e-02
   1.02325076e-23 -5.74064189e-21 -2.09610851e-21  6.70833933e-01
  -5.72911889e-21 -2.09605860e-21  6.55551180e-01 -1.15230007e-23
  -4.99018416e-26  1.52827537e-02]]
[[ 1.40270856e+00 -4.37895696e-01  4.27447459e-21  1.39472440e+00
  -4.35383046e-01  4.64462361e-21  7.98415999e-03 -2.51264994e-03
  -3.70149016e-22 -3.91191199e-21 -1.10667656e-21  8.84449465e-01
  -4.30776121e-21 -1.14533567e-21  8.83079329e-01  3.95849216e-22
   3.86591132e-23  1.37013647e-03]]
[[ 1.69651058e+00 -7.64317005e-01  5.34968221e-21  1.70232814e+00
  -7.35665747e-01  4.99110693e-21 -5.81756188e-03 -2.86512579e-02
   3.58575272e-22 -3.14941905e-21 -1.74703461e-21  1.13742904e+00
  -2.88375822e-21 -1.66483365e-21  1.15259989e+00 -2.65660826e-22
  -8.22009659e-23 -1.51708490e-02]]
[[ 1.37785622e+00 -3.26115884e-01 -3.86915077e-21  1.37429455e+00
  -3.02120286e-01 -4.12559854e-21  3.56167380e-03 -2.39955976e-02
   2.56447771e-22  3.44326704e-21  1.14461724e-21  8.81281012e-01
   3.64858614e-21  1.23006792e-21  8.89910679e-01 -2.05319101e-22
  -8.54506715e-23 -8.62966720e-03]]
[[ 1.38788403e+00 -7.95282895e-02  1.72465576e-23  1.37901754e+00
  -5.13635021e-02 -4.52795501e-22  8.86649076e-03 -2.81647874e-02
   4.70042058e-22  5.52490290e-22 -5.02507476e-23  9.27854043e-01
   1.03000167e-21  9.51102148e-23  9.34880424e-01 -4.77511383e-22
  -1.45360962e-22 -7.02638131e-03]]
[[ 1.82225242e+00 -2.68519117e-01 -3.55407862e-22  1.81694830e+00
  -2.46877807e-01  2.36917144e-23  5.30411764e-03 -2.16413106e-02
  -3.79099577e-22 -1.82461853e-21  3.55348128e-22  1.26431381e+00
  -1.98051184e-21  2.22326662e-22  1.27153619e+00  1.55893317e-22
   1.33021466e-22 -7.22237630e-03]]
[[ 1.47116158e+00 -4.21353963e-01 -3.82900326e-21  1.45724509e+00
  -4.36436211e-01 -3.85834185e-21  1.39164868e-02  1.50822480e-02
   2.93385882e-23  4.81531024e-21  8.44266461e-22  9.73311489e-01
   4.64963264e-21  8.95507709e-22  9.64316018e-01  1.65677601e-22
  -5.12412476e-23  8.99547123e-03]]
[[ 1.05389682e+00  6.86031937e-02  7.86567688e-22  1.03657270e+00
   2.88481450e-02  1.21667462e-21  1.73241136e-02  3.97550487e-02
  -4.30106937e-22 -1.73779363e-23 -3.83770496e-22  5.95680562e-01
  -2.24432075e-22 -5.25753202e-22  5.76471040e-01  2.07054138e-22
   1.41982706e-22  1.92095222e-02]]
[[ 1.40992015e+00 -1.26737662e-01 -1.02491543e-21  1.38621561e+00
  -1.76088080e-01 -9.57922408e-22  2.37045359e-02  4.93504182e-02
  -6.69930227e-23  2.45781238e-21  1.37932190e-22  8.96482149e-01
   2.35756930e-21  1.25533706e-22  8.70322794e-01  1.00243084e-22
   1.23984839e-23  2.61593551e-02]]
[[ 1.16754058e+00 -2.47520335e-01 -6.59679492e-21  1.12991026e+00
  -3.08576966e-01 -6.60743675e-21  3.76303155e-02  6.10566307e-02
   1.06418268e-23  1.48490049e-21  3.09220474e-21  7.25833270e-01
   1.65432735e-21  3.00382934e-21  6.88617616e-01 -1.69426855e-22
   8.83754075e-23  3.72156541e-02]]
[[ 8.66126271e-01 -3.06665617e-01 -1.48376752e-21  8.17473540e-01
  -3.66099785e-01 -8.63987376e-22  4.86527311e-02  5.94341683e-02
  -6.19780148e-22  4.04274585e-21 -1.51533257e-21  5.33411598e-01
   3.43105637e-21 -1.54830956e-21  4.90957591e-01  6.11689482e-22
   3.29769949e-23  4.24540062e-02]]
