[-1.01600000e+01 -1.46530684e-01 -7.32653422e-02 -7.32653422e-02
 -4.25304479e-01  2.83963699e-02 -4.53700849e-01  2.41048610e-01
 -4.09534342e-22  4.29466580e-22 -8.02442455e-22  2.82453525e-23
 -8.30687807e-22]
[-1.03200000e+01 -1.69423562e-01 -8.47117810e-02 -8.47117810e-02
 -5.76891388e-01  1.99730401e-02 -5.96864428e-01  3.08418734e-01
  1.53493964e-21  8.26941460e-22  3.38569875e-21  2.51979084e-21
  8.65907917e-22]
[-1.04800000e+01 -2.00611060e-01 -1.00305530e-01 -1.00305530e-01
 -7.25600498e-01  1.20173057e-02 -7.37617804e-01  3.74817555e-01
 -8.23739899e-22 -1.25734364e-21 -1.62857085e-21 -2.07162906e-21
  4.43058217e-22]
[-1.06400000e+01 -2.28718755e-01 -1.14359377e-01 -1.14359377e-01
 -8.28663513e-01  7.67977488e-04 -8.29431490e-01  4.15099734e-01
 -2.33265022e-21 -1.58086290e-21 -4.99852035e-21 -4.08012307e-21
 -9.18397277e-22]
[-1.08000000e+01 -2.45746128e-01 -1.22873064e-01 -1.22873064e-01
 -8.84694498e-01 -2.03959005e-02 -8.64298598e-01  4.21951349e-01
 -1.84873468e-21 -1.16990812e-21 -3.70041517e-21 -3.02011571e-21
 -6.80299462e-22]
[-1.09600000e+01 -2.83573119e-01 -1.41786559e-01 -1.41786559e-01
 -1.00598233e+00 -2.84166570e-02 -9.77565676e-01  4.74574510e-01
 -3.23315003e-21 -1.25342898e-21 -6.59957044e-21 -4.55321420e-21
 -2.04635624e-21]
[-1.11200000e+01 -3.50654147e-01 -1.75327073e-01 -1.75327073e-01
 -1.13696867e+00 -1.61132659e-02 -1.12085541e+00  5.52371071e-01
 -1.25055367e-21  1.62603536e-22 -2.58405027e-21 -1.12942160e-21
 -1.45462867e-21]
[-1.12800000e+01 -3.99417451e-01 -1.99708725e-01 -1.99708725e-01
 -1.29987885e+00 -1.95385112e-02 -1.28034034e+00  6.30400914e-01
  4.35232243e-22  2.52231457e-21 -1.53602061e-23  2.51463447e-21
 -2.52999468e-21]
[-1.14400000e+01 -1.39145140e-01 -6.95725700e-02 -6.95725700e-02
 -5.01725530e-01 -1.10981230e-01 -3.90744301e-01  1.39881535e-01
  1.62050458e-21  1.37719925e-21  3.33767648e-21  3.04603749e-21
  2.91638995e-22]
[-1.16000000e+01 -1.08061853e-01 -5.40309265e-02 -5.40309265e-02
 -3.53787697e-01 -1.13599131e-01 -2.40188565e-01  6.32947170e-02
 -9.18608688e-22  4.53988288e-22 -2.06148920e-21 -5.76756311e-22
 -1.48473289e-21]
[-1.17600000e+01 -1.02262591e-01 -5.11312953e-02 -5.11312953e-02
 -2.57036459e-01 -9.76609046e-02 -1.59375554e-01  3.08573249e-02
 -7.30448062e-22 -9.39815980e-23 -1.75567519e-21 -9.71819194e-22
 -7.83855998e-22]
[-1.19200000e+01 -9.61157999e-02 -4.80579000e-02 -4.80579000e-02
 -1.48328434e-01 -7.34712936e-02 -7.48571401e-02  6.92923265e-04
 -1.65619540e-22 -1.38952943e-22 -3.87111128e-22 -3.32508507e-22
 -5.46026208e-23]
[-1.20800000e+01 -9.62872657e-02 -4.81436328e-02 -4.81436328e-02
 -7.91390204e-02 -4.18619099e-02 -3.72771105e-02 -2.29239968e-03
  6.15515165e-22 -1.24980598e-22  1.44514936e-21  5.97594083e-22
  8.47555279e-22]
[-1.22400000e+01 -9.86686190e-02 -4.93343095e-02 -4.93343095e-02
 -1.05332757e-02 -9.23092830e-03 -1.30234740e-03 -3.96429045e-03
  4.00730960e-22 -1.01594099e-22  7.87293592e-22  2.92052697e-22
  4.95240895e-22]
[-1.24000000e+01 -1.08553655e-01 -5.42768275e-02 -5.42768275e-02
  1.14450468e-01  2.52688506e-02  8.91816175e-02 -3.19563834e-02
 -2.32268500e-23  3.25462816e-23 -1.59186349e-23  2.45869641e-23
 -4.05055991e-23]
[-1.25600000e+01 -1.16497896e-01 -5.82489481e-02 -5.82489481e-02
  1.99898426e-01  5.90699134e-02  1.40828512e-01 -4.08792994e-02
 -4.46578464e-22 -4.89472334e-22 -8.74747871e-22 -9.26846269e-22
  5.20983982e-23]
[-1.27200000e+01 -1.38335466e-01 -6.91677330e-02 -6.91677330e-02
  3.21857384e-01  9.84117949e-02  2.23445589e-01 -6.25168972e-02
 -6.93972709e-22 -1.00284861e-21 -1.44211376e-21 -1.72390549e-21
  2.81791730e-22]
[-1.28800000e+01 -1.51085106e-01 -7.55425532e-02 -7.55425532e-02
  4.20829771e-01  1.34238162e-01  2.86591609e-01 -7.61767235e-02
 -1.63309710e-22 -4.08000773e-22 -3.33782986e-22 -5.74892266e-22
  2.41109279e-22]
[-1.30400000e+01 -1.87935790e-01 -9.39678948e-02 -9.39678948e-02
  6.21903160e-01  1.75492010e-01  4.46411150e-01 -1.35459570e-01
 -7.02619613e-22 -1.55774607e-21 -1.49672846e-21 -2.30611030e-21
  8.09381840e-22]
[-1.32000000e+01 -2.14484108e-01 -1.07242054e-01 -1.07242054e-01
  7.38145171e-01  2.12414661e-01  5.25730510e-01 -1.56657925e-01
  6.21427765e-22  1.56553151e-21  1.44323167e-21  2.28714735e-21
 -8.43915676e-22]
[-1.33600000e+01 -2.30261607e-01 -1.15130804e-01 -1.15130804e-01
  8.02810396e-01  2.51015804e-01  5.51794592e-01 -1.50389394e-01
 -1.75230247e-21 -7.24396894e-22 -3.78905468e-21 -2.61892424e-21
 -1.17013045e-21]
[-1.35200000e+01 -2.85239007e-01 -1.42619503e-01 -1.42619503e-01
  9.80553496e-01  3.04001204e-01  6.76552292e-01 -1.86275544e-01
  3.42739576e-21  1.37747777e-21  6.84650316e-21  4.80072935e-21
  2.04577381e-21]
[-1.36800000e+01 -3.44357476e-01 -1.72178738e-01 -1.72178738e-01
  1.08624056e+00  3.56786892e-01  7.29453665e-01 -1.86333387e-01
  1.62438154e-21  1.83032388e-21  3.57059191e-21  3.61561983e-21
 -4.50279242e-23]
[-1.38400000e+01 -3.82296495e-01 -1.91148248e-01 -1.91148248e-01
  1.21328687e+00  4.04629510e-01  8.08657362e-01 -2.02013926e-01
 -3.01982567e-21  3.17570136e-22 -5.00593894e-21 -2.18539933e-21
 -2.82053961e-21]
[-1.40000000e+01 -1.39615270e-01 -6.98076352e-02 -6.98076352e-02
  4.62984614e-01  2.43170632e-01  2.19813983e-01  1.16783246e-02
  1.30443381e-21  6.52505205e-22  2.36522446e-21  1.83511743e-21
  5.30107024e-22]
[-1.41600000e+01 -1.19798727e-01 -5.98993634e-02 -5.98993634e-02
  3.50799627e-01  2.21107317e-01  1.29692310e-01  4.57075039e-02
 -5.02335130e-22 -3.86238521e-22 -1.09616507e-21 -9.34321056e-22
 -1.61844014e-22]
[-1.43200000e+01 -1.02051461e-01 -5.10257303e-02 -5.10257303e-02
  2.28319883e-01  1.92230464e-01  3.60894185e-02  7.80705229e-02
 -3.24882673e-22  4.37403035e-22 -3.36953064e-22  2.68926503e-22
 -6.05879567e-22]
[-1.44800000e+01 -9.39822975e-02 -4.69911487e-02 -4.69911487e-02
  1.18925283e-01  1.61966263e-01 -4.30409798e-02  1.02503622e-01
  8.20012770e-22  4.11842481e-22  1.54373229e-21  1.18370862e-21
  3.60023664e-22]
[-1.46400000e+01 -9.82263952e-02 -4.91131976e-02 -4.91131976e-02
  6.37076011e-02  1.33604620e-01 -6.98970186e-02  1.01750819e-01
 -1.55712897e-21 -1.27524582e-22 -3.13514783e-21 -1.69509850e-21
 -1.44004933e-21]
[-1.48000000e+01 -1.00186733e-01 -5.00933665e-02 -5.00933665e-02
 -4.26857601e-02  1.05881614e-01 -1.48567374e-01  1.27224494e-01
 -6.12389096e-23 -1.84370987e-22 -8.91778421e-23 -2.28959908e-22
  1.39782066e-22]
[-1.49600000e+01 -1.09003209e-01 -5.45016044e-02 -5.45016044e-02
 -1.42802745e-01  8.01896669e-02 -2.22992412e-01  1.51591039e-01
  1.11237098e-22  2.11922579e-22  2.47740775e-22  3.35792966e-22
 -8.80521914e-23]
[-1.51200000e+01 -1.18853826e-01 -5.94269131e-02 -5.94269131e-02
 -2.29970205e-01  5.56131685e-02 -2.85583373e-01  1.70598271e-01
 -1.10713710e-21 -1.37504593e-22 -2.25923883e-21 -1.26712401e-21
 -9.92114822e-22]
[-1.52800000e+01 -1.41751925e-01 -7.08759627e-02 -7.08759627e-02
 -3.52048506e-01  3.97673560e-02 -3.91815862e-01  2.15791609e-01
 -4.06591084e-22  4.12244549e-22 -7.78877378e-22  2.28058602e-23
 -8.01683238e-22]
[-1.54400000e+01 -1.64551290e-01 -8.22756449e-02 -8.22756449e-02
 -4.95290920e-01  2.46238098e-02 -5.19914730e-01  2.72269270e-01
  1.46623210e-21  7.90442408e-22  3.23012615e-21  2.40550548e-21
  8.24620667e-22]
[-1.56000000e+01 -1.91786717e-01 -9.58933585e-02 -9.58933585e-02
 -6.43889116e-01  1.16859428e-02 -6.55575059e-01  3.33630501e-01
 -8.21986692e-22 -9.73723089e-22 -1.64131477e-21 -1.79438047e-21
  1.53065704e-22]
[-1.57600000e+01 -2.18360274e-01 -1.09180137e-01 -1.09180137e-01
 -7.53284260e-01  1.44133980e-04 -7.53428394e-01  3.76786264e-01
 -2.16908214e-21 -1.20401323e-21 -4.62709007e-21 -3.51755827e-21
 -1.10953180e-21]
[-1.59200000e+01 -2.41165597e-01 -1.20582799e-01 -1.20582799e-01
 -8.42365938e-01 -1.70966594e-02 -8.25269279e-01  4.04086310e-01
 -1.81348563e-21 -1.15007951e-21 -3.64030196e-21 -2.97023049e-21
 -6.70071473e-22]
[-1.60800000e+01 -2.82141667e-01 -1.41070833e-01 -1.41070833e-01
 -9.82505712e-01 -2.39216780e-02 -9.58584034e-01  4.67331178e-01
  4.19096910e-22  1.94553447e-22  9.84954174e-22  6.87030533e-22
  2.97923640e-22]
[-1.62400000e+01 -3.48820501e-01 -1.74410251e-01 -1.74410251e-01
 -1.11501362e+00 -1.31431592e-02 -1.10187046e+00  5.44363652e-01
  3.56414935e-22 -5.62016866e-22  8.91133918e-22 -1.16449907e-22
  1.00758383e-21]
[-1.64000000e+01 -3.99541446e-01 -1.99770723e-01 -1.99770723e-01
 -1.28310346e+00 -1.64423591e-02 -1.26666110e+00  6.25109370e-01
 -3.17352442e-21 -1.47197226e-21 -7.42907419e-21 -5.18650936e-21
 -2.24256484e-21]
[-1.65600000e+01 -1.40135968e-01 -7.00679841e-02 -7.00679841e-02
 -4.82630115e-01 -1.06932924e-01 -3.75697191e-01  1.34382133e-01
  6.79153718e-22  2.14790541e-22  1.60229634e-21  1.01593871e-21
  5.86357627e-22]
[-1.67200000e+01 -1.10549912e-01 -5.52749561e-02 -5.52749561e-02
 -3.45308489e-01 -1.09074366e-01 -2.36234123e-01  6.35798782e-02
 -1.27132772e-21 -8.03959485e-23 -2.75028737e-21 -1.45553963e-21
 -1.29474774e-21]
[-1.68800000e+01 -1.03886309e-01 -5.19431547e-02 -5.19431547e-02
 -2.51289146e-01 -9.36418410e-02 -1.57647305e-01  3.20027322e-02
 -1.02371085e-21 -5.38619695e-22 -2.09292649e-21 -1.58508294e-21
 -5.07843552e-22]
[-1.70400000e+01 -9.73438614e-02 -4.86719307e-02 -4.86719307e-02
 -1.43664713e-01 -7.00039437e-02 -7.36607688e-02  1.82841253e-03
  2.13779325e-23 -2.90179745e-22  2.02519112e-22 -1.88920189e-22
  3.91439301e-22]
[-1.72000000e+01 -9.74720710e-02 -4.87360355e-02 -4.87360355e-02
 -7.60576100e-02 -3.93914879e-02 -3.66661222e-02 -1.36268285e-03
  3.64152649e-22 -1.55950556e-23  9.20840660e-22  4.44825275e-22
  4.76015386e-22]
[-1.73600000e+01 -9.97591991e-02 -4.98795996e-02 -4.98795996e-02
 -8.33277661e-03 -7.64606453e-03 -6.86712075e-04 -3.47967623e-03
 -5.11724087e-22  5.96286048e-23 -9.50703779e-22 -4.15723285e-22
 -5.34980494e-22]
[-1.75200000e+01 -1.09460781e-01 -5.47303904e-02 -5.47303904e-02
  1.22036304e-01  2.59296904e-02  9.61066135e-02 -3.50884615e-02
  7.30763512e-22  4.15017654e-22  1.43097688e-21  1.13050610e-21
  3.00470788e-22]
[-1.76800000e+01 -1.17919498e-01 -5.89597490e-02 -5.89597490e-02
  2.10082470e-01  5.95407506e-02  1.50541720e-01 -4.55004846e-02
  5.59497946e-22 -2.15275400e-22  1.09164649e-21  3.30547845e-22
  7.61098644e-22]
[-1.78400000e+01 -1.39775292e-01 -6.98876460e-02 -6.98876460e-02
  3.30019525e-01  9.88443903e-02  2.31175135e-01 -6.61653723e-02
 -2.00792955e-21 -1.95176379e-21 -4.01853140e-21 -3.96102949e-21
 -5.75019122e-23]
[-1.80000000e+01 -1.52261612e-01 -7.61308060e-02 -7.61308060e-02
  4.30718886e-01  1.34618926e-01  2.96099960e-01 -8.07405174e-02
  3.16031390e-22 -8.74817492e-23  7.21783454e-22  2.73409978e-22
  4.48373476e-22]
[-1.81600000e+01 -1.90594541e-01 -9.52972703e-02 -9.52972703e-02
  6.32133072e-01  1.77226266e-01  4.54906806e-01 -1.38840270e-01
 -9.46589074e-23 -7.91609729e-22 -1.62185391e-22 -8.72702425e-22
  7.10517034e-22]
[-1.83200000e+01 -2.16437187e-01 -1.08218594e-01 -1.08218594e-01
  7.42961443e-01  2.14721566e-01  5.28239877e-01 -1.56759155e-01
 -4.79115372e-24  5.48574512e-22  1.29582613e-22  6.13365819e-22
 -4.83783205e-22]
[-1.84800000e+01 -2.30868516e-01 -1.15434258e-01 -1.15434258e-01
  8.03324751e-01  2.53264939e-01  5.50059812e-01 -1.48397436e-01
  2.10928468e-21  3.09208514e-22  3.91020137e-21  2.26430920e-21
  1.64589217e-21]
[-1.86400000e+01 -2.86153696e-01 -1.43076848e-01 -1.43076848e-01
  9.85172673e-01  3.06228354e-01  6.78944319e-01 -1.86357982e-01
 -1.05575228e-21  1.23424029e-21 -1.63769957e-21  4.15390502e-22
 -2.05309008e-21]
[-1.88000000e+01 -3.46972160e-01 -1.73486080e-01 -1.73486080e-01
  1.09731204e+00  3.59460629e-01  7.37851409e-01 -1.89195390e-01
  4.35302015e-22 -7.34156534e-22  6.01398569e-22 -4.33457250e-22
  1.03485582e-21]
[-1.89600000e+01 -3.90087582e-01 -1.95043791e-01 -1.95043791e-01
  1.24345496e+00  4.09744592e-01  8.33710369e-01 -2.11982889e-01
 -2.69292973e-21 -1.86049088e-21 -5.01810598e-21 -4.36954387e-21
 -6.48562115e-22]
[-1.91200000e+01 -1.39917796e-01 -6.99588981e-02 -6.99588981e-02
  4.70052381e-01  2.45682575e-01  2.24369807e-01  1.06563839e-02
  2.98250681e-21  2.47689492e-22  5.05210843e-21  2.77374371e-21
  2.27836472e-21]
[-1.92800000e+01 -1.20087152e-01 -6.00435761e-02 -6.00435761e-02
  3.58081879e-01  2.23841806e-01  1.34240074e-01  4.48008659e-02
 -9.00629801e-22 -6.68358378e-23 -1.43727369e-21 -7.85472683e-22
 -6.51801008e-22]
[-1.94400000e+01 -1.02749507e-01 -5.13747533e-02 -5.13747533e-02
  2.38969853e-01  1.95197310e-01  4.37725432e-02  7.57123835e-02
  8.65692632e-22 -2.23724059e-22  1.48905107e-21  5.20801476e-22
  9.68249594e-22]
[-1.96000000e+01 -9.43369319e-02 -4.71684660e-02 -4.71684660e-02
  1.28893984e-01  1.64630380e-01 -3.57363957e-02  1.00183388e-01
  7.10229607e-22  5.40430851e-23  1.30478862e-21  7.06437394e-22
  5.98351224e-22]
[-1.97600000e+01 -9.83209432e-02 -4.91604716e-02 -4.91604716e-02
  7.35570841e-02  1.36121053e-01 -6.25639687e-02  9.93425107e-02
  1.81355263e-22 -7.93830706e-23  2.31546312e-22  3.63900854e-23
  1.95156227e-22]
[-1.99200000e+01 -1.00138851e-01 -5.00694253e-02 -5.00694253e-02
 -3.23797736e-02  1.08338819e-01 -1.40718592e-01  1.24528705e-01
 -5.97658813e-22  1.24616540e-22 -1.02692764e-21 -3.88847279e-22
 -6.38080360e-22]
[-2.00800000e+01 -1.08826399e-01 -5.44131995e-02 -5.44131995e-02
 -1.31995143e-01  8.25926015e-02 -2.14587744e-01  1.48590173e-01
  4.06805969e-22 -1.29608110e-22  7.40882474e-22  2.40833127e-22
  5.00049347e-22]
[-2.02400000e+01 -1.18339830e-01 -5.91699150e-02 -5.91699150e-02
 -2.18325864e-01  5.77486560e-02 -2.76074520e-01  1.66911588e-01
 -5.67587022e-22 -3.42180417e-22 -1.17396139e-21 -9.29161112e-22
 -2.44800277e-22]
[-2.04000000e+01 -1.41289541e-01 -7.06447706e-02 -7.06447706e-02
 -3.40476395e-01  4.17918646e-02 -3.82268259e-01  2.12030062e-01
 -1.73528275e-21 -2.50806880e-22 -3.52982692e-21 -2.01572034e-21
 -1.51410658e-21]
[-2.05600000e+01 -1.63979822e-01 -8.19899109e-02 -8.19899109e-02
 -4.83223836e-01  2.65245961e-02 -5.09748432e-01  2.68136514e-01
 -2.48732767e-22 -3.85403879e-22 -5.28934178e-22 -6.49870968e-22
  1.20936790e-22]
[-2.07200000e+01 -1.91223474e-01 -9.56117372e-02 -9.56117372e-02
 -6.32651779e-01  1.36345993e-02 -6.46286379e-01  3.29960489e-01
 -2.89825397e-22  5.48189199e-22 -8.34741695e-22  1.30818351e-22
 -9.65560046e-22]
[-2.08800000e+01 -2.17603813e-01 -1.08801907e-01 -1.08801907e-01
 -7.42784219e-01  2.19505023e-03 -7.44979270e-01  3.73587160e-01
 -1.26535082e-21 -1.26037007e-21 -2.43964148e-21 -2.48019081e-21
  4.05493316e-23]
[-2.10400000e+01 -2.40943071e-01 -1.20471535e-01 -1.20471535e-01
 -8.33833268e-01 -1.51153736e-02 -8.18717894e-01  4.01801260e-01
 -2.12371834e-21 -7.62072564e-22 -4.44979281e-21 -2.98696897e-21
 -1.46282384e-21]
[-2.12000000e+01 -2.81466639e-01 -1.40733320e-01 -1.40733320e-01
 -9.72581387e-01 -2.22046996e-02 -9.50376688e-01  4.64085994e-01
  4.00782487e-22  2.09822703e-22  9.32624298e-22  6.76134852e-22
  2.56489446e-22]
[-2.13600000e+01 -3.48301068e-01 -1.74150534e-01 -1.74150534e-01
 -1.10601836e+00 -1.16554547e-02 -1.09436291e+00  5.41353728e-01
  3.40226965e-22 -5.59687891e-22  8.51136153e-22 -1.34119815e-22
  9.85255968e-22]
[-2.15200000e+01 -3.97828013e-01 -1.98914006e-01 -1.98914006e-01
 -1.26942012e+00 -1.56707208e-02 -1.25374940e+00  6.19039341e-01
 -3.14073781e-21 -1.45489010e-21 -7.35750852e-21 -5.13364436e-21
 -2.22386416e-21]
[-2.16800000e+01 -1.40029030e-01 -7.00145148e-02 -7.00145148e-02
 -4.74571135e-01 -1.05360175e-01 -3.69210960e-01  1.31925393e-01
  6.75521323e-22  2.09356427e-22  1.59549838e-21  1.00710562e-21
  5.88392765e-22]
[-2.18400000e+01 -1.10660503e-01 -5.53302517e-02 -5.53302517e-02
 -3.38527814e-01 -1.07561555e-01 -2.30966258e-01  6.17023517e-02
 -1.27093527e-21 -8.17831697e-23 -2.74946744e-21 -1.45651689e-21
 -1.29295055e-21]
[-2.20000000e+01 -1.03723862e-01 -5.18619310e-02 -5.18619310e-02
 -2.43729032e-01 -9.23563321e-02 -1.51372700e-01  2.95081838e-02
 -9.99134677e-22 -5.06108458e-22 -2.04769412e-21 -1.52995552e-21
 -5.17738601e-22]
[-2.21600000e+01 -9.75349780e-02 -4.87674890e-02 -4.87674890e-02
 -1.38830644e-01 -6.87989116e-02 -7.00317321e-02  6.16410281e-04
  2.66238790e-23 -2.92325766e-22  2.12372190e-22 -1.86139671e-22
  3.98511861e-22]
[-2.23200000e+01 -9.76755479e-02 -4.88377740e-02 -4.88377740e-02
 -7.13977154e-02 -3.83191828e-02 -3.30785326e-02 -2.62032510e-03
  3.53091487e-22 -1.91106311e-23  8.95910865e-22  4.28844801e-22
  4.67066064e-22]
[-2.24800000e+01 -9.99959410e-02 -4.99979705e-02 -4.99979705e-02
 -4.30949400e-03 -6.72541413e-03  2.41592013e-03 -4.57066713e-03
 -5.27683240e-22  5.75074380e-23 -9.85946925e-22 -4.35466025e-22
 -5.50480901e-22]
[-2.26400000e+01 -1.09696966e-01 -5.48484832e-02 -5.48484832e-02
  1.26495448e-01  2.66667838e-02  9.98286641e-02 -3.65809402e-02
  7.20565403e-22  4.09541753e-22  1.40952723e-21  1.11430537e-21
  2.95221860e-22]
[-2.28000000e+01 -1.18280624e-01 -5.91403119e-02 -5.91403119e-02
  2.14832841e-01  6.01960826e-02  1.54636758e-01 -4.72203376e-02
  5.57783178e-22 -2.11600398e-22  1.08814852e-21  3.32473861e-22
  7.55674656e-22]
[-2.29600000e+01 -1.40129194e-01 -7.00645969e-02 -7.00645969e-02
  3.34144444e-01  9.93973936e-02  2.34747051e-01 -6.76748285e-02
 -2.02310645e-21 -1.95807066e-21 -4.04731198e-21 -3.98172665e-21
 -6.55853295e-23]
[-2.31200000e+01 -1.52546827e-01 -7.62734137e-02 -7.62734137e-02
  4.34530477e-01  1.35115653e-01  2.99414824e-01 -8.21495853e-02
  3.22909694e-22 -8.56955647e-23  7.36797585e-22  2.82703228e-22
  4.54094357e-22]
[-2.32800000e+01 -1.90892896e-01 -9.54464480e-02 -9.54464480e-02
  6.34712695e-01  1.77762399e-01  4.56950296e-01 -1.39593949e-01
 -9.20034844e-23 -7.88510893e-22 -1.54176204e-22 -8.65598995e-22
  7.11422791e-22]
[-2.34400000e+01 -2.16859421e-01 -1.08429710e-01 -1.08429710e-01
  7.43117569e-01  2.15767955e-01  5.27349614e-01 -1.55790830e-01
  9.34443890e-24  5.96923314e-22  1.67907779e-22  6.80877204e-22
 -5.12969425e-22]
[-2.36000000e+01 -2.31094438e-01 -1.15547219e-01 -1.15547219e-01
  8.05302243e-01  2.54102012e-01  5.51200231e-01 -1.48549109e-01
  2.12186709e-21  3.12384641e-22  3.93336993e-21  2.27906961e-21
  1.65430033e-21]
[-2.37600000e+01 -2.86556217e-01 -1.43278108e-01 -1.43278108e-01
  9.87519427e-01  3.07006248e-01  6.80513179e-01 -1.86753465e-01
 -1.05157869e-21  1.21742071e-21 -1.63696676e-21  3.98937330e-22
 -2.03590409e-21]
[-2.39200000e+01 -3.47336218e-01 -1.73668109e-01 -1.73668109e-01
  1.09965956e+00  3.60089373e-01  7.39570190e-01 -1.89740409e-01
  4.38687461e-22 -7.41789969e-22  6.04478057e-22 -4.39550940e-22
  1.04402900e-21]
[-2.40800000e+01 -3.90634374e-01 -1.95317187e-01 -1.95317187e-01
  1.24634405e+00  4.10435048e-01  8.35908999e-01 -2.12736976e-01
  1.51312318e-21  9.69007873e-22  2.83541124e-21  2.38671349e-21
  4.48697748e-22]
[-2.42400000e+01 -1.39900223e-01 -6.99501116e-02 -6.99501116e-02
  4.71528564e-01  2.46169238e-01  2.25359326e-01  1.04049557e-02
  2.98665473e-21  2.48354482e-22  5.05724689e-21  2.77697793e-21
  2.28026896e-21]
[-2.44000000e+01 -1.20150424e-01 -6.00752122e-02 -6.00752122e-02
  3.59719389e-01  2.24355983e-01  1.35363406e-01  4.44962883e-02
 -9.03592894e-22 -6.73977855e-23 -1.44184841e-21 -7.88321990e-22
 -6.53526419e-22]
[-2.45600000e+01 -1.02526901e-01 -5.12634503e-02 -5.12634503e-02
  2.38591143e-01  1.95418579e-01  4.31725642e-02  7.61230073e-02
  8.73162235e-22 -2.15999239e-22  1.50390014e-21  5.35950832e-22
  9.67949309e-22]
[-2.47200000e+01 -9.40865022e-02 -4.70432511e-02 -4.70432511e-02
  1.28223470e-01  1.64769572e-01 -3.65461013e-02  1.00657837e-01
  7.08325389e-22  5.39742169e-23  1.30089464e-21  7.04421539e-22
  5.96473105e-22]
[-2.48800000e+01 -9.82895792e-02 -4.91447896e-02 -4.91447896e-02
  7.44964614e-02  1.36407838e-01 -6.19113768e-02  9.91596075e-02
  1.79871220e-22 -7.72542386e-23  2.28538057e-22  3.70147901e-23
  1.91523267e-22]
[-2.50400000e+01 -1.00129933e-01 -5.00649667e-02 -5.00649667e-02
 -3.11174335e-02  1.08609046e-01 -1.39726480e-01  1.24167763e-01
 -6.02863402e-22  1.24291943e-22 -1.03646142e-21 -3.93938766e-22
 -6.42522652e-22]
[-2.52000000e+01 -1.08814124e-01 -5.44070620e-02 -5.44070620e-02
 -1.30877420e-01  8.28062042e-02 -2.13683625e-01  1.48244914e-01
 -4.31863121e-22 -3.64337670e-22 -8.46756936e-22 -7.87716138e-22
 -5.90407978e-23]
[-2.53600000e+01 -1.18284215e-01 -5.91421074e-02 -5.91421074e-02
 -2.17115392e-01  5.78927278e-02 -2.75008119e-01  1.66450424e-01
 -5.69110889e-22 -3.41204681e-22 -1.17720341e-21 -9.29806387e-22
 -2.47397025e-22]
[-2.55200000e+01 -1.41242373e-01 -7.06211866e-02 -7.06211866e-02
 -3.39367509e-01  4.19059766e-02 -3.81273485e-01  2.11589731e-01
 -1.73407940e-21 -2.50936077e-22 -3.52681076e-21 -2.01434146e-21
 -1.51246930e-21]
[-2.56800000e+01 -1.63932480e-01 -8.19662401e-02 -8.19662401e-02
 -4.82272296e-01  2.66199409e-02 -5.08892237e-01  2.67756089e-01
 -2.47000226e-22 -3.84979341e-22 -5.25016060e-22 -6.47487371e-22
  1.22471311e-22]
[-2.58400000e+01 -1.91139052e-01 -9.55695260e-02 -9.55695260e-02
 -6.31714465e-01  1.37371382e-02 -6.45451603e-01  3.29594371e-01
 -2.89698764e-22  5.47256605e-22 -8.33830286e-22  1.30341462e-22
 -9.64171748e-22]
[-2.60000000e+01 -2.18991800e-01 -1.09495900e-01 -1.09495900e-01
 -7.49888843e-01  2.66251105e-03 -7.52551354e-01  3.77606933e-01
 -1.22208860e-21 -1.18564042e-21 -2.36895495e-21 -2.37011790e-21
  1.16294783e-24]
[-2.61600000e+01 -2.40819919e-01 -1.20409959e-01 -1.20409959e-01
 -8.32457415e-01 -1.50388955e-02 -8.17418520e-01  4.01189812e-01
 -2.12006108e-21 -7.60719551e-22 -4.44266690e-21 -2.98205300e-21
 -1.46061390e-21]
[-2.63200000e+01 -2.81246145e-01 -1.40623073e-01 -1.40623073e-01
 -9.72561962e-01 -2.25397226e-02 -9.50022240e-01  4.63741259e-01
  4.00709721e-22  1.66505668e-22  9.53798471e-22  6.43404904e-22
  3.10393567e-22]
[-2.64800000e+01 -3.47953865e-01 -1.73976933e-01 -1.73976933e-01
 -1.10402253e+00 -1.18025479e-02 -1.09221998e+00  5.40208717e-01
  3.21494506e-22 -5.80681773e-22  8.17309467e-22 -1.72027040e-22
  9.89336507e-22]
[-2.66400000e+01 -3.97624955e-01 -1.98812477e-01 -1.98812477e-01
 -1.26820740e+00 -1.57426898e-02 -1.25246471e+00  6.18361010e-01
 -3.13965490e-21 -1.45129126e-21 -7.35957913e-21 -5.13108083e-21
 -2.22849830e-21]
[-2.68000000e+01 -1.40203456e-01 -7.01017282e-02 -7.01017282e-02
 -4.74501860e-01 -1.05142539e-01 -3.69359321e-01  1.32108391e-01
  6.76264833e-22  2.07855176e-22  1.59714834e-21  1.00642935e-21
  5.90718994e-22]
[-2.69600000e+01 -1.10726825e-01 -5.53634123e-02 -5.53634123e-02
 -3.38157138e-01 -1.07412015e-01 -2.30745122e-01  6.16665534e-02
 -1.27229442e-21 -8.26051732e-23 -2.75162365e-21 -1.45841700e-21
 -1.29320665e-21]
[-2.71200000e+01 -1.03773608e-01 -5.18868042e-02 -5.18868042e-02
 -2.43428962e-01 -9.22273517e-02 -1.51201610e-01  2.94871290e-02
 -9.99300356e-22 -5.09970029e-22 -2.04742477e-21 -1.53368242e-21
 -5.13742358e-22]
[-2.72800000e+01 -9.66468869e-02 -4.83234435e-02 -4.83234435e-02
 -1.30699974e-01 -6.87156473e-02 -6.19843268e-02 -3.36566025e-03
 -6.12231673e-24 -2.53717956e-22  1.32516568e-22 -1.87459672e-22
  3.19976240e-22]
[-2.74400000e+01 -9.78809187e-02 -4.89404594e-02 -4.89404594e-02
 -7.20209049e-02 -3.81049419e-02 -3.39159630e-02 -2.09448944e-03
  3.61999441e-22 -1.28044855e-23  9.13801319e-22  4.44096174e-22
  4.69705145e-22]
[-2.76000000e+01 -1.00147957e-01 -5.00739784e-02 -5.00739784e-02
 -4.37418467e-03 -6.48557899e-03  2.11139433e-03 -4.29848666e-03
 -5.24059426e-22  5.77801317e-23 -9.78579906e-22 -4.31509821e-22
 -5.47070085e-22]
[-2.77600000e+01 -1.09817717e-01 -5.49088586e-02 -5.49088586e-02
  1.26716336e-01  2.68689255e-02  9.98474102e-02 -3.64892424e-02
  7.27132672e-22  4.14702249e-22  1.42252132e-21  1.12596291e-21
  2.96558409e-22]
[-2.79200000e+01 -1.18386787e-01 -5.91933933e-02 -5.91933933e-02
  2.15298671e-01  6.03529588e-02  1.54945713e-01 -4.72963769e-02
  5.59436887e-22 -2.09634341e-22  1.09171021e-21  3.36220767e-22
  7.55489448e-22]
[-2.80800000e+01 -1.40230473e-01 -7.01152366e-02 -7.01152366e-02
  3.34973784e-01  9.95069812e-02  2.35466803e-01 -6.79799109e-02
 -3.56206258e-22 -1.43746447e-21 -6.59390914e-22 -1.76715993e-21
  1.10776902e-21]
[-2.82400000e+01 -1.52694398e-01 -7.63471988e-02 -7.63471988e-02
  4.35696047e-01  1.35235071e-01  3.00460975e-01 -8.26129520e-02
  3.24254491e-22 -8.55103084e-23  7.39767735e-22  2.84373559e-22
  4.55394176e-22]
[-2.84000000e+01 -1.91031007e-01 -9.55155037e-02 -9.55155037e-02
  6.35764934e-01  1.77868016e-01  4.57896918e-01 -1.40014451e-01
 -9.08600946e-23 -7.88263540e-22 -1.52037651e-22 -8.64282365e-22
  7.12244714e-22]
[-2.85600000e+01 -2.17014681e-01 -1.08507341e-01 -1.08507341e-01
  7.46793427e-01  2.15666693e-01  5.31126734e-01 -1.57730021e-01
 -8.03473707e-25  5.71327811e-22  1.42782045e-22  6.42718833e-22
 -4.99936788e-22]
[-2.87200000e+01 -2.31388165e-01 -1.15694083e-01 -1.15694083e-01
  8.06822368e-01  2.54317026e-01  5.52505342e-01 -1.49094158e-01
  2.12515273e-21  3.14393578e-22  3.93999228e-21  2.28438972e-21
  1.65560256e-21]
[-2.88800000e+01 -2.86729835e-01 -1.43364918e-01 -1.43364918e-01
  9.88430668e-01  3.07133764e-01  6.81296904e-01 -1.87081570e-01
 -1.04880319e-21  1.20777046e-21 -1.63559363e-21  3.89973643e-22
 -2.02556727e-21]
[-2.90400000e+01 -3.47427430e-01 -1.73713715e-01 -1.73713715e-01
  1.10025289e+00  3.60223903e-01  7.40028984e-01 -1.89902541e-01
  4.38001860e-22 -7.45393649e-22  6.02035445e-22 -4.44375927e-22
  1.04641137e-21]
[-2.92000000e+01 -3.90804589e-01 -1.95402294e-01 -1.95402294e-01
  1.24722537e+00  4.10607603e-01  8.36617771e-01 -2.13005084e-01
 -2.70419715e-21 -1.86530748e-21 -5.03815559e-21 -4.38438528e-21
 -6.53770313e-22]
[-2.93600000e+01 -1.40120567e-01 -7.00602835e-02 -7.00602835e-02
  4.72744299e-01  2.46404263e-01  2.26340036e-01  1.00321134e-02
  2.99126883e-21  2.50359081e-22  5.06806192e-21  2.78439004e-21
  2.28367188e-21]
[-2.95200000e+01 -1.20163586e-01 -6.00817930e-02 -6.00817930e-02
  3.60067524e-01  2.24472748e-01  1.35594776e-01  4.44389859e-02
 -9.04280378e-22 -6.71410183e-23 -1.44258848e-21 -7.88435257e-22
 -6.54153220e-22]
[-2.96800000e+01 -1.02552244e-01 -5.12761221e-02 -5.12761221e-02
  2.38972012e-01  1.95529998e-01  4.34420143e-02  7.60439917e-02
  8.73501066e-22 -2.16085725e-22  1.50457201e-21  5.36200281e-22
  9.68371730e-22]
[-2.98400000e+01 -9.43009630e-02 -4.71504815e-02 -4.71504815e-02
  1.30022665e-01  1.65029739e-01 -3.50070741e-02  1.00018407e-01
  7.08842076e-22  5.37224199e-23  1.30184546e-21  7.04645148e-22
  5.97200308e-22]
[-3.00000000e+01 -9.83106702e-02 -4.91553351e-02 -4.91553351e-02
  7.51528852e-02  1.36529423e-01 -6.13765376e-02  9.89529802e-02
  1.80887971e-22 -7.92404250e-23  2.30218901e-22  3.58690254e-23
  1.94349875e-22]
[-3.01600000e+01 -1.00106836e-01 -5.00534179e-02 -5.00534179e-02
 -3.10073121e-02  1.08669003e-01 -1.39676315e-01  1.24172659e-01
 -6.02919341e-22  1.24309292e-22 -1.03665630e-21 -3.94018857e-22
 -6.42637442e-22]
[-3.03200000e+01 -1.08806701e-01 -5.44033507e-02 -5.44033507e-02
 -1.30637593e-01  8.28657466e-02 -2.13503339e-01  1.48184543e-01
 -4.31673805e-22 -3.64336969e-22 -8.46344701e-22 -7.87509320e-22
 -5.88353813e-23]
[-3.04800000e+01 -1.18267560e-01 -5.91337802e-02 -5.91337802e-02
 -2.16890292e-01  5.79355111e-02 -2.74825803e-01  1.66380657e-01
 -5.69376154e-22 -3.40870001e-22 -1.17778482e-21 -9.29762411e-22
 -2.48022409e-22]
