-0.14653068447
-0.16942356205
-0.20061105992
-0.22871875485
-0.24574612776
-0.28357311895
-0.35065414666
-0.39941745098
-0.13914513995
-0.10806185303
-0.1022625905
-0.096115799909
-0.096287265669
-0.098668619034
-0.10855365506
-0.11649789616
-0.13833546607
-0.15108510642
-0.18793578955
-0.21448410778
-0.23026160725
-0.28523900695
-0.34435747638
-0.38229649508
-0.1396152705
-0.11979872686
-0.1020514606
-0.093982297474
-0.098226395181
-0.10018673309
-0.10900320881
-0.11885382625
-0.14175192548
-0.1645512897
-0.19178671707
-0.21836027446
-0.24116559735
-0.28214166655
-0.34882050114
-0.39954144624
-0.14013596821
-0.11054991221
-0.10388630941
-0.097343861427
-0.097472070978
-0.099759199149
-0.10946078088
-0.117919498
-0.13977529209
-0.15226161196
-0.19059454054
-0.21643718701
-0.2308685155
-0.28615369576
-0.34697216005
-0.39008758229
-0.13991779625
-0.12008715212
-0.10274950653
-0.094336931919
-0.098320943183
-0.10013885064
-0.10882639904
-0.11833982996
-0.14128954121
-0.16397982186
-0.19122347444
-0.21760381315
-0.24094307057
-0.28146663917
-0.3483010681
-0.39782801272
-0.14002902969
-0.11066050343
-0.10372386192
-0.097534978023
-0.097675547909
-0.099995941007
-0.10969696641
-0.11828062378
-0.14012919388
-0.15254682748
-0.19089289609
-0.21685942093
-0.2310944382
-0.28655621654
-0.34733621799
-0.39063437398
-0.13990022324
-0.12015042434
-0.10252690069
-0.094086502168
-0.09828957917
-0.10012993336
-0.10881412396
-0.11828421474
-0.14124237314
-0.16393248017
-0.19113905192
-0.21899179955
-0.24081991858
-0.28124614505
-0.34795386544
-0.39762495469
-0.14020345647
-0.11072682467
-0.10377360848
-0.096646886933
-0.097880918713
-0.10014795672
-0.10981771721
-0.11838678666
-0.14023047319
-0.1526943976
-0.19103100734
-0.21701468147
-0.23138816548
-0.28672983522
-0.34742743019
-0.39080458877
-0.14012056691
-0.12016358606
-0.10255224419
-0.094300963022
-0.098310670243
-0.10010683575
-0.10880670135
-0.11826756034