[[ 6.06783885e-02 -8.18399186e-04  4.10770867e-22  1.66885761e-02
  -7.96628476e-04  4.06280243e-22  4.39898124e-02 -2.17707100e-05
   4.49062376e-24 -2.20775047e-22  5.03931747e-23  3.00254354e-02
  -2.18573268e-22  5.06232909e-23  8.03960064e-03 -2.20177896e-24
  -2.30116123e-25  2.19858347e-02]]
[[ 7.32653422e-02  2.12652240e-01 -4.01221227e-22  2.75098072e-02
   2.12396245e-01 -4.44217752e-22  4.57555351e-02  2.55994567e-04
   4.29965250e-23  2.04767171e-22 -2.14733290e-22  1.20524305e-01
   2.31052921e-22 -7.17152876e-23  9.75260216e-02 -2.62857507e-23
  -1.43018002e-22  2.29982833e-02]]
[[ 8.47117810e-02  2.88445694e-01  1.69284938e-21  3.90259884e-02
   2.88022247e-01  1.63500564e-21  4.56857926e-02  4.23446884e-04
   5.78437333e-23 -7.67469819e-22 -4.13470730e-22  1.54209367e-01
  -7.41027060e-22 -4.04661199e-22  1.31527336e-01 -2.64427584e-23
  -8.80953131e-24  2.26820315e-02]]
[[ 1.00305530e-01  3.62800249e-01 -8.14285423e-22  5.48630257e-02
   3.62114105e-01 -8.41122997e-22  4.54425042e-02  6.86143826e-04
   2.68375734e-23  4.11869949e-22  6.28671820e-22  1.87408777e-01
   4.29305238e-22  6.32534009e-22  1.65058975e-01 -1.74352889e-23
  -3.86218886e-24  2.23498029e-02]]
[[ 1.14359377e-01  4.14331756e-01 -2.49926017e-21  6.91223757e-02
   4.13417300e-01 -2.47919115e-21  4.52370018e-02  9.14455858e-04
  -2.00690219e-23  1.16632511e-21  7.90431449e-22  2.07549867e-01
   1.15666196e-21  7.40062749e-22  1.85512852e-01  9.66314650e-24
   5.03687005e-23  2.20370148e-02]]
[[ 1.22873064e-01  4.42347249e-01 -1.85020759e-21  7.87523002e-02
   4.41097984e-01 -1.33951783e-21  4.41207637e-02  1.24926480e-03
  -5.10689761e-22  9.24367338e-22  5.84954062e-22  2.10975674e-01
   6.27846398e-22  1.73201441e-22  1.89666073e-01  2.96520940e-22
   4.11752621e-22  2.13096017e-02]]
[[ 1.41786559e-01  5.02991167e-01 -3.29978522e-21  9.86832165e-02
   5.01395089e-01 -3.18707415e-21  4.31033430e-02  1.59607755e-03
  -1.12711072e-22  1.61657501e-21  6.26714490e-22  2.37287255e-01
   1.52404801e-21  3.90487530e-22  2.16625214e-01  9.25270042e-23
   2.36226960e-22  2.06620404e-02]]
[[ 1.75327073e-01  5.68484337e-01 -1.29202514e-21  1.33549275e-01
   5.66334956e-01 -1.60772588e-21  4.17777984e-02  2.14938126e-03
   3.15700746e-22  6.25276835e-22 -8.13017678e-23  2.76185535e-01
   8.03641386e-22  1.17996603e-22  2.56244736e-01 -1.78364550e-22
  -1.99298370e-22  1.99407992e-02]]
[[ 1.99708725e-01  6.49939425e-01 -7.68010307e-24  1.60547492e-01
   6.46759453e-01 -1.20370128e-22  3.91612336e-02  3.17997229e-03
   1.12690024e-22 -2.17616121e-22 -1.26115729e-21  3.15200457e-01
  -1.54979646e-22 -1.18037933e-21  2.96451095e-01 -6.26364755e-23
  -8.07779607e-23  1.87493623e-02]]
[[ 6.95725700e-02  2.50862765e-01  1.66883824e-21  3.80460174e-02
   2.46920106e-01  1.70315649e-21  3.15265526e-02  3.94265890e-03
  -3.43182499e-23 -8.10252291e-22 -6.88599623e-22  6.99407677e-02
  -8.26408811e-22 -7.04345026e-22  5.49286594e-02  1.61565199e-23
   1.57454030e-23  1.50121083e-02]]
[[ 5.40309265e-02  1.76893848e-01 -1.03074460e-21  2.27849442e-02
   1.73350931e-01 -8.16889733e-22  3.12459823e-02  3.54291752e-03
  -2.13854866e-22  4.59304344e-22 -2.26994144e-22  3.16473585e-02
   3.43694393e-22 -3.41573575e-22  1.64635888e-02  1.15609952e-22
   1.14579430e-22  1.51837697e-02]]
[[ 5.11312953e-02  1.28518229e-01 -8.77837596e-22  1.85605971e-02
   1.25599211e-01 -9.26831507e-22  3.25706981e-02  2.91901802e-03
   4.89939110e-23  3.65224031e-22  4.69907990e-23  1.54286624e-02
   3.95714416e-22  8.43471566e-23 -5.27667269e-04 -3.04903849e-23
  -3.73563576e-23  1.59563297e-02]]
[[ 4.80579000e-02  7.41642168e-02 -1.93555564e-22  1.41409255e-02
   7.16937750e-02  5.92864914e-23  3.39169744e-02  2.47044180e-03
  -2.52842055e-22  8.28097702e-23  6.94764716e-23  3.46461632e-04
  -5.66114380e-23 -1.22952321e-22 -1.64106113e-02  1.39421208e-22
   1.92428793e-22  1.67570729e-02]]
[[ 4.81436328e-02  3.95695102e-02  7.22574681e-22  1.29020527e-02
   3.74539136e-02  8.09974036e-22  3.52415801e-02  2.11559656e-03
  -8.73993555e-23 -3.07757582e-22  6.24902990e-23 -1.14619984e-03
  -3.61055397e-22 -1.60463780e-23 -1.87089391e-02  5.32978142e-23
   7.85366770e-23  1.75627393e-02]]
[[ 4.93343095e-02  5.26663785e-03  3.93646796e-22  1.27508340e-02
   3.46103967e-03  3.20561764e-22  3.65834755e-02  1.80559818e-03
   7.30850318e-23 -2.00365480e-22  5.07970494e-23 -1.98214522e-03
  -1.60782562e-22  8.42324100e-23 -2.03665531e-02 -3.95829177e-23
  -3.34353606e-23  1.83844078e-02]]
[[ 5.42768275e-02 -5.72252341e-02 -7.95931746e-24  1.59938382e-02
  -5.87561837e-02  2.99755362e-23  3.82829893e-02  1.53094961e-03
  -3.79348537e-23  1.16134250e-23 -1.62731408e-23 -1.59781917e-02
  -1.02255999e-23 -7.60297530e-23 -3.53734995e-02  2.18390249e-23
   5.97566122e-23  1.93953078e-02]]
[[ 5.82489481e-02 -9.99492128e-02 -4.37373935e-22  1.85714381e-02
  -1.01265856e-01 -2.81497882e-22  3.96775100e-02  1.31664270e-03
  -1.55876053e-22  2.23289232e-22  2.44736167e-22 -2.04396497e-02
   1.46726770e-22  7.57848902e-23 -4.07138502e-02  7.65624627e-23
   1.68951277e-22  2.02742004e-02]]
[[ 6.91677330e-02 -1.60928692e-01 -7.21056881e-22  2.82212400e-02
  -1.62052636e-01 -6.71881058e-22  4.09464930e-02  1.12394420e-03
  -4.91758232e-23  3.46986354e-22  5.01424306e-22 -3.12584486e-02
   3.22616178e-22  5.05366007e-22 -5.23617126e-02  2.43701763e-23
  -3.94170103e-24  2.11032640e-02]]
[[ 7.55425532e-02 -2.10414886e-01 -1.66891493e-22  3.37004468e-02
  -2.11320366e-01  4.15508667e-23  4.18421064e-02  9.05480773e-04
  -2.08442360e-22  8.16548549e-23  2.04000386e-22 -3.80883618e-02
  -2.27036596e-23  4.82191523e-23 -5.98317620e-02  1.04358514e-22
   1.55781234e-22  2.17434002e-02]]
[[ 9.39678948e-02 -3.10951580e-01 -7.48364229e-22  5.13449304e-02
  -3.11512913e-01 -4.21051268e-22  4.26229644e-02  5.61332699e-04
  -3.27312961e-22  3.51309806e-22  7.78873035e-22 -6.77297851e-02
   1.89934519e-22  5.99281903e-22 -9.00188230e-02  1.61375288e-22
   1.79591131e-22  2.22890379e-02]]
[[ 1.07242054e-01 -3.69072585e-01  7.21615836e-22  6.41691314e-02
  -3.69267772e-01  5.65375657e-22  4.30729225e-02  1.95186367e-04
   1.56240179e-22 -3.10713882e-22 -7.82765756e-22 -7.83289623e-02
  -2.31920659e-22 -6.67634013e-22 -1.00976601e-01 -7.87932235e-23
  -1.15131743e-22  2.26476384e-02]]
[[ 1.15130804e-01 -4.01405198e-01 -1.89452734e-21  7.23184432e-02
  -4.01117810e-01 -1.90246410e-21  4.28123604e-02 -2.87388279e-04
   7.93675908e-24  8.76151234e-22  3.62198447e-22 -7.51946970e-02
   8.87390965e-22  3.21272614e-22 -9.77908635e-02 -1.12397310e-23
   4.09258334e-23  2.25961665e-02]]
[[ 1.42619503e-01 -4.90276748e-01  3.42325158e-21  1.00438938e-01
  -4.89417579e-01  3.73040520e-21  4.21805657e-02 -8.59168868e-04
  -3.07153621e-22 -1.71369788e-21 -6.88738884e-22 -9.31377720e-02
  -1.85004173e-21 -8.91026477e-22 -1.15448736e-01  1.36343843e-22
   2.02287593e-22  2.23109645e-02]]
[[ 1.72178738e-01 -5.43120279e-01  1.78529596e-21  1.30898384e-01
  -5.41647908e-01  1.45799137e-21  4.12803539e-02 -1.47237049e-03
   3.27304587e-22 -8.12190768e-22 -9.15161940e-22 -9.31666934e-02
  -6.71726801e-22 -7.09812929e-22 -1.15017218e-01 -1.40463967e-22
  -2.05349010e-22  2.18505246e-02]]
[[ 1.91148248e-01 -6.06643436e-01 -2.50296947e-21  1.51800814e-01
  -6.04162213e-01 -2.69177732e-21  3.93474332e-02 -2.48122309e-03
   1.88807848e-22  1.50991284e-21 -1.58785068e-22 -1.01006963e-01
   1.62246526e-21 -1.54063716e-22 -1.21735954e-01 -1.12552422e-22
  -4.72135190e-24  2.07289907e-02]]
[[ 6.98076352e-02 -2.31492307e-01  1.18261223e-21  3.68195243e-02
  -2.28480204e-01  1.01770078e-21  3.29881110e-02 -3.01210310e-03
   1.64911449e-22 -6.52216903e-22 -3.26252603e-22  5.83916228e-03
  -5.76218049e-22 -2.50710860e-22 -1.17619600e-02 -7.59988545e-23
  -7.55417426e-23  1.76011223e-02]]
[[ 5.98993634e-02 -1.75399814e-01 -5.48082535e-22  2.70319715e-02
  -1.72694745e-01 -3.62294229e-22  3.28673920e-02 -2.70506892e-03
  -1.85788307e-22  2.51167565e-22  1.93119261e-22  2.28537520e-02
   1.79480352e-22  7.71513771e-24  5.62199697e-03  7.16872127e-23
   1.85404123e-22  1.72317550e-02]]
[[ 5.10257303e-02 -1.14159941e-01 -1.68476532e-22  1.71479953e-02
  -1.11903693e-01 -2.16917400e-22  3.38777350e-02 -2.25624822e-03
   4.84408681e-23  1.62441337e-22 -2.18701517e-22  3.90352615e-02
   1.83188024e-22 -1.35621224e-22  2.14716591e-02 -2.07466878e-23
  -8.30802931e-23  1.75636023e-02]]
[[ 4.69911487e-02 -5.94626417e-02  7.71866144e-22  1.18349939e-02
  -5.75874321e-02  5.91295174e-22  3.51561548e-02 -1.87520960e-03
   1.80570971e-22 -4.10006385e-22 -2.05921240e-22  5.12518108e-02
  -3.26214072e-22 -8.19261293e-23  3.32056269e-02 -8.37923132e-23
  -1.23995111e-22  1.80461838e-02]]
[[ 4.91131976e-02 -3.18538006e-02 -1.56757392e-21  1.26790219e-02
  -3.02318639e-02 -1.43879420e-21  3.64341757e-02 -1.62193668e-03
  -1.28779712e-22  7.78564487e-22  6.37622910e-23  5.08754096e-02
   7.16452400e-22  2.55921084e-23  3.23731301e-02  6.21120867e-23
   3.81701825e-23  1.85022794e-02]]
[[ 5.00933665e-02  2.13428800e-02 -4.45889210e-23  1.22093014e-02
   2.26864190e-02 -1.26488562e-22  3.78840651e-02 -1.34353896e-03
   8.18996410e-23  3.06194548e-23  9.21854936e-23  6.36122472e-02
   7.11955241e-23  8.28586721e-23  4.45529782e-02 -4.05760692e-23
   9.32682150e-24  1.90592690e-02]]
[[ 5.45016044e-02  7.14013724e-02  1.23870387e-22  1.50467219e-02
   7.25158237e-02  1.33569300e-22  3.94548825e-02 -1.11445134e-03
  -9.69891212e-24 -5.56185492e-23 -1.05961289e-22  7.57955196e-02
  -6.55248527e-23 -1.06158255e-22  5.61413661e-02  9.90630343e-24
   1.96966074e-25  1.96541536e-02]]
[[ 5.94269131e-02  1.14985102e-01 -1.12961942e-21  1.86952387e-02
   1.15907799e-01 -1.01608895e-21  4.07316745e-02 -9.22697191e-04
  -1.13530462e-22  5.53568551e-22  6.87522967e-23  8.52991354e-02
   4.93969110e-22  3.87299646e-23  6.52076524e-02  5.95994414e-23
   3.00223321e-23  2.00914830e-02]]
[[ 7.08759627e-02  1.76024253e-01 -3.89438689e-22  2.89132104e-02
   1.76814143e-01 -4.36454919e-22  4.19627524e-02 -7.89889910e-04
   4.70162302e-23  2.03295542e-22 -2.06122275e-22  1.07895804e-01
   2.31628985e-22 -6.11709188e-23  8.74104984e-02 -2.83334433e-23
  -1.44951356e-22  2.04853061e-02]]
[[ 8.22756449e-02  2.47645460e-01  1.61506307e-21  3.94132688e-02
   2.48241095e-01  1.56343059e-21  4.28623760e-02 -5.95634343e-04
   5.16324815e-23 -7.33116048e-22 -3.95221204e-22  1.36134635e-01
  -7.10097987e-22 -3.92997373e-22  1.15405801e-01 -2.30180615e-23
  -2.22383053e-24  2.07288343e-02]]
[[ 9.58933585e-02  3.21944558e-01 -8.20657385e-22  5.25290942e-02
   3.22221564e-01 -8.45926030e-22  4.33642644e-02 -2.77006309e-04
   2.52686449e-23  4.10993346e-22  4.86861545e-22  1.66815250e-01
   4.27733788e-22  4.90903631e-22  1.46008496e-01 -1.67404422e-23
  -4.04208593e-24  2.08067547e-02]]
[[ 1.09180137e-01  3.76642130e-01 -2.31354504e-21  6.54246176e-02
   3.76605518e-01 -2.29404382e-21  4.37555196e-02  3.66124959e-05
  -1.95012207e-23  1.08454107e-21  6.02006616e-22  1.88393132e-01
   1.07522044e-21  5.52644566e-22  1.67552850e-01  9.32063083e-24
   4.93620497e-23  2.08402823e-02]]
[[ 1.20582799e-01  4.21182969e-01 -1.82015098e-21  7.74670857e-02
   4.20668691e-01 -1.31110155e-21  4.31157130e-02  5.14278245e-04
  -5.09049429e-22  9.06742815e-22  5.75039754e-22  2.02043155e-01
   6.11022521e-22  1.63579117e-22  1.81620412e-01  2.95720295e-22
   4.11460638e-22  2.04227431e-02]]
[[ 1.41070833e-01  4.91252856e-01  4.92477087e-22  9.86108933e-02
   4.90258849e-01  5.93193735e-22  4.24599400e-02  9.94006996e-04
  -1.00716648e-22 -2.09548455e-22 -9.72767233e-23  2.33665589e-01
  -2.66261800e-22 -1.83138919e-22  2.13644169e-01  5.67133444e-23
   8.58621957e-23  2.00214198e-02]]
[[ 1.74410251e-01  5.57506811e-01  4.45566959e-22  1.32908100e-01
   5.55893826e-01  6.27205533e-22  4.15021506e-02  1.61298559e-03
  -1.81638574e-22 -1.78207467e-22  2.81008433e-22  2.72181826e-01
  -2.74026357e-22  1.75683516e-22  2.52655379e-01  9.58188899e-23
   1.05324917e-22  1.95264474e-02]]
[[ 1.99770723e-01  6.41551729e-01 -3.71453710e-21  1.60458963e-01
   6.38896471e-01 -3.56512732e-21  3.93117600e-02  2.65525796e-03
  -1.49409774e-22  1.58676221e-21  7.35986130e-22  3.12554685e-01
   1.47717455e-21  5.95702833e-22  2.93985801e-01  1.09587657e-22
   1.40283296e-22  1.85688845e-02]]
[[ 7.00679841e-02  2.41315058e-01  8.01148168e-22  3.74509577e-02
   2.38007883e-01  7.43971345e-22  3.26170264e-02  3.30717453e-03
   5.71768229e-23 -3.39576859e-22 -1.07395270e-22  6.71910667e-02
  -3.04025550e-22 -5.70611731e-23  5.19328141e-02 -3.55513088e-23
  -5.03340973e-23  1.52582526e-02]]
[[ 5.52749561e-02  1.72654245e-01 -1.37514369e-21  2.29778781e-02
   1.69622686e-01 -1.47349436e-21  3.22970780e-02  3.03155891e-03
   9.83506702e-23  6.35663860e-22  4.01979743e-23  3.17899391e-02
   7.01109241e-22  1.53551834e-22  1.63415117e-02 -6.54453810e-23
  -1.13353860e-22  1.54484274e-02]]
[[ 5.19431547e-02  1.25644573e-01 -1.04646325e-21  1.84240986e-02
   1.23129353e-01 -1.08973976e-21  3.35190561e-02  2.51522032e-03
   4.32765093e-23  5.11855425e-22  2.69309847e-22  1.60013661e-02
   5.48018808e-22  4.27008547e-22 -2.09664797e-04 -3.61633829e-23
  -1.57698700e-22  1.62110309e-02]]
[[ 4.86719307e-02  7.18323563e-02  1.01259556e-22  1.38918499e-02
   6.96871535e-02  2.42960398e-22  3.47800809e-02  2.14520278e-03
  -1.41700843e-22 -1.06889662e-23  1.45089872e-22  9.14206264e-04
  -8.72123571e-23  5.35571539e-23 -1.60840823e-02  7.65233908e-23
   9.15327185e-23  1.69982886e-02]]
[[ 4.87360355e-02  3.80288050e-02  4.60420330e-22  1.26076157e-02
   3.61926672e-02  4.24576727e-22  3.61284198e-02  1.83613784e-03
   3.58436032e-23 -1.82076324e-22  7.79752782e-24 -6.81341427e-04
  -1.67029830e-22  8.10025018e-24 -1.85179396e-02 -1.50464941e-23
  -3.02722363e-25  1.78365982e-02]]
[[ 4.98795996e-02  4.16638830e-03 -4.75351890e-22  1.24121139e-02
   2.59520941e-03 -5.40558172e-22  3.74674857e-02  1.57117889e-03
   6.52062822e-23  2.55862043e-22 -2.98143024e-23 -1.73983811e-03
   2.88147988e-22  2.16070016e-23 -2.04143022e-02 -3.22859445e-23
  -5.14213040e-23  1.86744641e-02]]
[[ 5.47303904e-02 -6.10181520e-02  7.15488442e-22  1.55704888e-02
  -6.23474343e-02  6.12617265e-22  3.91599016e-02  1.32928232e-03
   1.02871177e-22 -3.65381756e-22 -2.07508827e-22 -1.75442308e-02
  -3.11911736e-22 -1.81118224e-22 -3.72432624e-02 -5.34700199e-23
  -2.63906033e-23  1.96990316e-02]]
[[ 5.89597490e-02 -1.05041235e-01  5.45823245e-22  1.84263883e-02
  -1.06183624e-01  5.68982959e-22  4.05333607e-02  1.14238843e-03
  -2.31597141e-23 -2.79748973e-22  1.07637700e-22 -2.27502423e-02
  -2.94137847e-22  4.27535091e-23 -4.33318915e-02  1.43888741e-23
   6.48841907e-23  2.05816492e-02]]
[[ 6.98876460e-02 -1.65009763e-01 -2.00926570e-21  2.81314722e-02
  -1.65990071e-01 -1.96959404e-21  4.17561738e-02  9.80308258e-04
  -3.96716609e-23  1.00396478e-21  9.75881895e-22 -3.30826862e-02
   9.85278671e-22  9.24142272e-22 -5.44865260e-02  1.86861048e-23
   5.17396234e-23  2.14038399e-02]]
[[ 7.61308060e-02 -2.15359443e-01  3.60891727e-22  3.35781634e-02
  -2.16144319e-01  4.54217924e-22  4.25526426e-02  7.84876434e-04
  -9.33261970e-23 -1.58015695e-22  4.37408746e-23 -4.03702587e-02
  -2.02517302e-22 -1.24063212e-23 -6.23783894e-02  4.45016073e-23
   5.61471958e-23  2.20081307e-02]]
[[ 9.52972703e-02 -3.16066536e-01 -8.10926953e-23  5.20466827e-02
  -3.16522098e-01  4.10993536e-23  4.32505875e-02  4.55562109e-04
  -1.22192049e-22  4.73294537e-23  3.95804865e-22 -6.94201350e-02
  -1.42438811e-23  3.34533592e-22 -9.19446482e-02  6.15733347e-23
   6.12712726e-23  2.25245131e-02]]
[[ 1.08218594e-01 -3.71480722e-01  6.47913067e-23  6.46088238e-02
  -3.71589001e-01  1.20731921e-22  4.36097697e-02  1.08279572e-04
  -5.59406148e-23  2.39557686e-24 -2.74287256e-22 -7.83795777e-02
  -2.10981774e-23 -3.38565658e-22 -1.01230899e-01  2.34937542e-23
   6.42784025e-23  2.28513208e-02]]
[[ 1.15434258e-01 -4.01662376e-01  1.95510068e-21  7.21937934e-02
  -4.01311864e-01  1.98971324e-21  4.32404643e-02 -3.50511267e-04
  -3.46125564e-23 -1.05464234e-21 -1.54604257e-22 -7.41987182e-02
  -1.07881949e-21 -1.27742700e-22 -9.69579950e-02  2.41771530e-23
  -2.68615572e-23  2.27592768e-02]]
[[ 1.43076848e-01 -4.92586337e-01 -8.18849788e-22  1.00492928e-01
  -4.91673414e-01 -8.00976864e-22  4.25839200e-02 -9.12922121e-04
  -1.78729238e-23  5.27876138e-22 -6.17120145e-22 -9.31789910e-02
   5.30358782e-22 -7.20268076e-22 -1.15650392e-01 -2.48264390e-24
   1.03147931e-22  2.24714012e-02]]
[[ 1.73486080e-01 -5.48656019e-01  3.00699284e-22  1.31884862e-01
  -5.47113219e-01  4.62358180e-22  4.16012177e-02 -1.54279942e-03
  -1.61658896e-22 -2.17651008e-22  3.67078267e-22 -9.45976949e-02
  -2.71933793e-22  2.03258859e-22 -1.16567858e-01  5.42827852e-23
   1.63819409e-22  2.19701630e-02]]
[[ 1.95043791e-01 -6.21727480e-01 -2.50905299e-21  1.55507711e-01
  -6.19138759e-01 -2.35444882e-21  3.95360802e-02 -2.58872101e-03
  -1.54604174e-22  1.34646486e-21  9.30245438e-22 -1.05991444e-01
   1.30939703e-21  7.38220381e-22 -1.26768288e-01  3.70678363e-23
   1.92025056e-22  2.07768433e-02]]
[[ 6.99588981e-02 -2.35026191e-01  2.52605422e-21  3.70189323e-02
  -2.31874659e-01  2.52407759e-21  3.29399658e-02 -3.15153137e-03
   1.97662479e-24 -1.49125340e-21 -1.23844746e-22  5.32819197e-03
  -1.48692192e-21 -1.41222601e-22 -1.22021216e-02 -4.33148429e-24
   1.73778551e-23  1.75303136e-02]]
[[ 6.00435761e-02 -1.79040940e-01 -7.18636845e-22  2.72560124e-02
  -1.76193470e-01 -7.81663428e-22  3.27875637e-02 -2.84746928e-03
   6.30265829e-23  4.50314900e-22  3.34179189e-23  2.24004329e-02
   4.70148385e-22  8.44467795e-23  5.25605427e-03 -1.98334847e-23
  -5.10288606e-23  1.71443787e-02]]
[[ 5.13747533e-02 -1.19484927e-01  7.44525535e-22  1.76076615e-02
  -1.17080706e-01  6.94813791e-22  3.37670918e-02 -2.40422039e-03
   4.97117441e-23 -4.32846316e-22  1.11862029e-22  3.78561918e-02
  -4.03645168e-22  1.30183656e-22  2.03957032e-02 -2.92011482e-23
  -1.83216269e-23  1.74604885e-02]]
[[ 4.71684660e-02 -6.44469920e-02  6.52394309e-22  1.21414950e-02
  -6.24202433e-02  6.37028200e-22  3.50269710e-02 -2.02674868e-03
   1.53661092e-23 -3.55114804e-22 -2.70215425e-23  5.00916938e-02
  -3.42542905e-22 -5.93352401e-23  3.21569257e-02 -1.25718987e-23
   3.23136976e-23  1.79347681e-02]]
[[ 4.91604716e-02 -3.67785420e-02  1.15773156e-22  1.28733878e-02
  -3.49991622e-02  1.76065499e-22  3.62870838e-02 -1.77937989e-03
  -6.02923427e-23 -9.06776314e-23  3.96915353e-23  4.96712554e-02
  -1.17107420e-22  2.02503154e-23  3.12878844e-02  2.64297885e-23
   1.94412199e-23  1.83833710e-02]]
[[ 5.00694253e-02  1.61898868e-02 -5.13463819e-22  1.23408547e-02
   1.76936338e-02 -4.57168826e-22  3.77285706e-02 -1.50374697e-03
  -5.62949934e-23  2.98829406e-22 -6.23082702e-23  6.22643527e-02
   2.67335974e-22 -1.54749618e-23  4.33266361e-02  3.14934326e-23
  -4.68333084e-23  1.89377166e-02]]
[[ 5.44131995e-02  6.59975715e-02  3.70441237e-22  1.51074582e-02
   6.72742773e-02  3.94262039e-22  3.93057413e-02 -1.27670583e-03
  -2.38208024e-23 -2.03402984e-22  6.48040551e-23  7.42950865e-02
  -2.13653158e-22  1.62958291e-23  5.47575418e-02  1.02501738e-23
   4.85082260e-23  1.95375446e-02]]
[[ 5.91699150e-02  1.09162932e-01 -5.86980695e-22  1.85881557e-02
   1.10250715e-01 -4.49360447e-22  4.05817593e-02 -1.08778307e-03
  -1.37620248e-22  2.83793511e-22  1.71090209e-22  8.34557939e-02
   2.14273847e-22  2.96532649e-23  6.34801924e-02  6.95196637e-23
   1.41436944e-22  1.99756015e-02]]
[[ 7.06447706e-02  1.70238197e-01 -1.76491346e-21  2.88072631e-02
   1.71191313e-01 -1.64694374e-21  4.18375075e-02 -9.53115714e-04
  -1.17969717e-22  8.67641376e-22  1.25403440e-22  1.06015031e-01
   8.05782689e-22  9.18387646e-23  8.56319994e-02  6.18586864e-23
   3.35646753e-23  2.03830317e-02]]
[[ 8.19899109e-02  2.41611918e-01 -2.64467089e-22  3.92174040e-02
   2.42376255e-01 -3.23666968e-22  4.27725069e-02 -7.64336900e-04
   5.91998795e-23  1.24366383e-22  1.92701940e-22  1.34068257e-01
   1.50530725e-22  1.39500731e-22  1.13424069e-01 -2.61643415e-23
   5.32012081e-23  2.06441879e-02]]
[[ 9.56117372e-02  3.16325890e-01 -4.17370847e-22  5.23017456e-02
   3.16771981e-01 -7.25389069e-22  4.33099916e-02 -4.46091210e-04
   3.08018221e-22  1.44912699e-22 -2.74094599e-22  1.64980244e-01
   3.01302741e-22 -1.52136469e-22  1.44240636e-01 -1.56390042e-22
  -1.21958130e-22  2.07396086e-02]]
[[ 1.08801907e-01  3.71392110e-01 -1.21982074e-21  6.50354395e-02
   3.71526456e-01 -1.28553127e-21  4.37664671e-02 -1.34346016e-04
   6.57105319e-23  6.32675410e-22  6.30185035e-22  1.86793580e-01
   6.69745369e-22  6.63275105e-22  1.65988921e-01 -3.70699585e-23
  -3.30900704e-23  2.08046591e-02]]
[[ 1.20471535e-01  4.16916634e-01 -2.22489640e-21  7.72993466e-02
   4.16566518e-01 -2.21244764e-21  4.31721887e-02  3.50116416e-04
  -1.24487682e-23  1.06185917e-21  3.81036282e-22  2.00900630e-01
   1.04184470e-21  2.79826794e-22  1.80490790e-01  2.00144698e-23
   1.01209488e-22  2.04098406e-02]]
[[ 1.40733320e-01  4.86290694e-01  4.66312149e-22  9.81790339e-02
   4.85460105e-01  5.67725397e-22  4.25542857e-02  8.30588705e-04
  -1.01413248e-22 -2.00391244e-22 -1.04911351e-22  2.32042997e-01
  -2.57428155e-22 -1.91037669e-22  2.12017281e-01  5.70369110e-23
   8.61263175e-23  2.00257155e-02]]
[[ 1.74150534e-01  5.53009183e-01  4.25568077e-22  1.32513709e-01
   5.51561896e-01  6.06240341e-22  4.16368247e-02  1.44728671e-03
  -1.80672264e-22 -1.70113482e-22  2.79843946e-22  2.70676864e-01
  -2.65456988e-22  1.75053765e-22  2.51129225e-01  9.53435055e-23
   1.04790181e-22  1.95476394e-02]]
[[ 1.98914006e-01  6.34710061e-01 -3.67875426e-21  1.59411884e-01
   6.32232447e-01 -3.52913469e-21  3.95021225e-02  2.47761422e-03
  -1.49619569e-22  1.57036890e-21  7.27445049e-22  3.09519670e-01
   1.46068225e-21  5.87127703e-22  2.90907945e-01  1.09686650e-22
   1.40317346e-22  1.86117252e-02]]
[[ 7.00145148e-02  2.37285567e-01  7.97749192e-22  3.71071986e-02
   2.34149454e-01  7.42548278e-22  3.29073162e-02  3.13611369e-03
   5.52009134e-23 -3.37760661e-22 -1.04678213e-22  6.59626963e-02
  -3.03150114e-22 -5.50206494e-23  5.06150633e-02 -3.46105471e-23
  -4.96575639e-23  1.53476330e-02]]
[[ 5.53302517e-02  1.69263907e-01 -1.37473372e-21  2.27499878e-02
   1.66380949e-01 -1.47297768e-21  3.25802640e-02  2.88295795e-03
   9.82439551e-23  6.35467637e-22  4.08915849e-23  3.08511759e-02
   7.00906143e-22  1.54312257e-22  1.53126834e-02 -6.54385066e-23
  -1.13420672e-22  1.55384925e-02]]
[[ 5.18619310e-02  1.21864516e-01 -1.02384706e-21  1.80799224e-02
   1.19475823e-01 -1.06643266e-21  3.37820085e-02  2.38869239e-03
   4.25856037e-23  4.99567339e-22  2.53054229e-22  1.47540919e-02
   5.35359551e-22  4.10281726e-22 -1.54316467e-03 -3.57922126e-23
  -1.57227498e-22  1.62972566e-02]]
[[ 4.87674890e-02  6.94153219e-02  1.06186095e-22  1.37467024e-02
   6.73762836e-02  2.48672294e-22  3.50207866e-02  2.03903830e-03
  -1.42486199e-22 -1.33119395e-23  1.46162883e-22  3.08205141e-04
  -9.02336462e-23  5.42563626e-23 -1.67709226e-02  7.69217067e-23
   9.19065202e-23  1.70791277e-02]]
[[ 4.88377740e-02  3.56988577e-02  4.47955433e-22  1.24830502e-02
   3.39543345e-02  4.11947451e-22  3.63547238e-02  1.74452320e-03
   3.60079811e-23 -1.76545744e-22  9.55531557e-24 -1.31016255e-03
  -1.61399947e-22  1.01269549e-23 -1.92251677e-02 -1.51457966e-23
  -5.71639356e-25  1.79150051e-02]]
[[ 4.99979705e-02  2.15474700e-03 -4.92973463e-22  1.23171714e-02
   6.62117912e-04 -5.57897995e-22  3.76807991e-02  1.49262909e-03
   6.49245323e-23  2.63841620e-22 -2.87537190e-23 -2.28533357e-03
   2.95998436e-22  2.25542864e-23 -2.10357609e-02 -3.21568166e-23
  -5.13080054e-23  1.87504274e-02]]
[[ 5.48484832e-02 -6.32477240e-02  7.04763613e-22  1.54895300e-02
  -6.45083029e-02  6.01809964e-22  3.93589532e-02  1.26057889e-03
   1.02953649e-22 -3.60282702e-22 -2.04770876e-22 -1.82904701e-02
  -3.06767700e-22 -1.78374990e-22 -3.80616028e-02 -5.35150018e-23
  -2.63958860e-23  1.97711327e-02]]
[[ 5.91403119e-02 -1.07416420e-01  5.44074259e-22  1.84213936e-02
  -1.08498260e-01  5.67821928e-22  4.07189183e-02  1.08184001e-03
  -2.37476696e-23 -2.78891589e-22  1.05800199e-22 -2.36101688e-02
  -2.93574250e-22  4.03854717e-23 -4.42601829e-02  1.46826616e-23
   6.54147272e-23  2.06500141e-02]]
[[ 7.00645969e-02 -1.67072222e-01 -2.02365599e-21  2.81422807e-02
  -1.67999561e-01 -1.98410973e-21  4.19223162e-02  9.27339141e-04
  -3.95462575e-23  1.01155323e-21  9.79035331e-22 -3.38374143e-02
   9.92926080e-22  9.27447794e-22 -5.53027966e-02  1.86271474e-23
   5.15875366e-23  2.14653823e-02]]
[[ 7.62734137e-02 -2.17265238e-01  3.68398793e-22  3.35768120e-02
  -2.18000638e-01  4.61655837e-22  4.26966018e-02  7.35399701e-04
  -9.32570441e-23 -1.61454847e-22  4.28477823e-23 -4.10747927e-02
  -2.05913693e-22 -1.33175550e-23 -6.31354142e-02  4.44588460e-23
   5.61653374e-23  2.20606216e-02]]
[[ 9.54464480e-02 -3.17356347e-01 -7.70881019e-23  5.20789616e-02
  -3.17767353e-01  3.95666094e-23  4.33674865e-02  4.11005622e-04
  -1.16654711e-22  4.60017422e-23  3.94255447e-22 -6.97969743e-02
  -1.31893426e-23  3.38529187e-22 -9.23622603e-02  5.91910848e-23
   5.57262598e-23  2.25652859e-02]]
[[ 1.08429710e-01 -3.71558785e-01  8.39538895e-23  6.46874138e-02
  -3.71616058e-01  1.39803732e-22  4.37422967e-02  5.72729567e-05
  -5.58498421e-23 -4.67221945e-24 -2.98461657e-22 -7.78954149e-02
  -2.81572952e-23 -3.62524566e-22 -1.00796191e-01  2.34850757e-23
   6.40629091e-23  2.29007761e-02]]
[[ 1.15547219e-01 -4.02651122e-01  1.96668497e-21  7.22425180e-02
  -4.02266235e-01  2.00102560e-21  4.33047011e-02 -3.84886906e-04
  -3.43406380e-23 -1.06093355e-21 -1.56192320e-22 -7.42745547e-02
  -1.08497345e-21 -1.29197488e-22 -9.70525959e-02  2.40399083e-23
  -2.69948329e-23  2.27780411e-02]]
[[ 1.43278108e-01 -4.93759714e-01 -8.18483379e-22  1.00637432e-01
  -4.92816313e-01 -8.00931003e-22  4.26406764e-02 -9.43401074e-04
  -1.75523764e-23  5.25789345e-22 -6.08710355e-22 -9.33767327e-02
   5.28433615e-22 -7.11711957e-22 -1.15864808e-01 -2.64426960e-24
   1.03001603e-22  2.24880750e-02]]
[[ 1.73668109e-01 -5.49829782e-01  3.02239028e-22  1.32031797e-01
  -5.48256967e-01  4.63915485e-22  4.16363125e-02 -1.57281452e-03
  -1.61676456e-22 -2.19343731e-22  3.70894984e-22 -9.48702043e-02
  -2.73630662e-22  2.07053655e-22 -1.16846263e-01  5.42869315e-23
   1.63841330e-22  2.19760591e-02]]
[[ 1.95317187e-01 -6.23172024e-01  1.41770562e-21  1.55756226e-01
  -6.20553982e-01  1.37896129e-21  3.95609613e-02 -2.61804204e-03
   3.87443315e-23 -7.56561588e-22 -4.84503937e-22 -1.06368488e-01
  -7.49549798e-22 -4.15924022e-22 -1.27146634e-01 -7.01178955e-24
  -6.85799147e-23  2.07781465e-02]]
[[ 6.99501116e-02 -2.35764282e-01  2.52862344e-21  3.70397037e-02
  -2.32576565e-01  2.52670714e-21  3.29104079e-02 -3.18771666e-03
   1.91630228e-24 -1.49332736e-21 -1.24177241e-22  5.20247787e-03
  -1.48903397e-21 -1.41562216e-22 -1.23007349e-02 -4.29338844e-24
   1.73849754e-23  1.75032128e-02]]
[[ 6.00752122e-02 -1.79859695e-01 -7.20924205e-22  2.73193401e-02
  -1.76978826e-01 -7.83970401e-22  3.27558720e-02 -2.88086873e-03
   6.30461963e-23  4.51796447e-22  3.36988927e-23  2.22481441e-02
   4.71649855e-22  8.46904686e-23  5.13145387e-03 -1.98534076e-23
  -5.09915758e-23  1.71166903e-02]]
[[ 5.12634503e-02 -1.19295572e-01  7.51950070e-22  1.75213955e-02
  -1.16866681e-01  7.03811993e-22  3.37420549e-02 -2.42889080e-03
   4.81380775e-23 -4.36581117e-22  1.07999619e-22  3.80615037e-02
  -4.07982205e-22  1.24777518e-22  2.06231920e-02 -2.85989128e-23
  -1.67778987e-23  1.74383116e-02]]
[[ 4.70432511e-02 -6.41117352e-02  6.50447322e-22  1.20445516e-02
  -6.20609335e-02  6.35232750e-22  3.49986995e-02 -2.05080166e-03
   1.52145724e-23 -3.54162694e-22 -2.69871085e-23  5.03289183e-02
  -3.41650940e-22 -5.94477918e-23  3.24175977e-02 -1.25117540e-23
   3.24606833e-23  1.79113205e-02]]
[[ 4.91447896e-02 -3.72482307e-02  1.14269029e-22  1.28872063e-02
  -3.54470100e-02  1.74495745e-22  3.62575833e-02 -1.80122070e-03
  -6.02267164e-23 -8.99356102e-23  3.86271193e-23  4.95798037e-02
  -1.16336854e-22  1.92307420e-23  3.12195405e-02  2.64012436e-23
   1.93963773e-23  1.83602632e-02]]
[[ 5.00649667e-02  1.55587168e-02 -5.18230709e-22  1.23673643e-02
   1.70840332e-02 -4.61956718e-22  3.76976024e-02 -1.52531644e-03
  -5.62739907e-23  3.01431701e-22 -6.21459714e-23  6.20838814e-02
   2.69959904e-22 -1.53741850e-23  4.31695797e-02  3.14717973e-23
  -4.67717863e-23  1.89143016e-02]]
[[ 5.44070620e-02  6.54387102e-02 -4.23378468e-22  1.51296102e-02
   6.67344386e-02 -1.46025849e-22  3.92774518e-02 -1.29572834e-03
  -2.77352618e-22  2.15931560e-22  1.82168835e-22  7.41224572e-02
   7.79234848e-23 -1.07589676e-22  5.46060155e-02  1.38008076e-22
   2.89758511e-22  1.95164417e-02]]
[[ 5.91421074e-02  1.08557696e-01 -5.88601706e-22  1.85870756e-02
   1.09663062e-01 -4.50887789e-22  4.05550318e-02 -1.10536640e-03
  -1.37713917e-22  2.84555444e-22  1.70602340e-22  8.32252118e-02
   2.14988155e-22  2.91370650e-23  6.32693428e-02  6.95672896e-23
   1.41465275e-22  1.99558689e-02]]
[[ 7.06211866e-02  1.69683754e-01 -1.76340538e-21  2.88063268e-02
   1.70653030e-01 -1.64552264e-21  4.18148598e-02 -9.69275821e-04
  -1.17882743e-22  8.67039702e-22  1.25468038e-22  1.05794865e-01
   8.05226171e-22  9.19829523e-23  8.54289089e-02  6.18135312e-23
   3.34850861e-23  2.03659565e-02]]
[[ 8.19662401e-02  2.41136148e-01 -2.62508030e-22  3.92111196e-02
   2.41915678e-01 -3.21762954e-22  4.27551205e-02 -7.79530243e-04
   5.92549237e-23  1.23500113e-22  1.92489670e-22  1.33878044e-01
   1.49696452e-22  1.39355518e-22  1.13247842e-01 -2.61963388e-23
   5.31341520e-23  2.06302020e-02]]
[[ 9.55695260e-02  3.15857232e-01 -4.16915143e-22  5.22715164e-02
   3.16317778e-01 -7.24933360e-22  4.32980096e-02 -4.60545213e-04
   3.08018217e-22  1.44849382e-22 -2.73628302e-22  1.64797185e-01
   3.01241078e-22 -1.51651127e-22  1.44068497e-01 -1.56391695e-22
  -1.21977175e-22  2.07286879e-02]]
[[ 1.09495900e-01  3.74944422e-01 -1.18447748e-21  6.57255190e-02
   3.75087441e-01 -1.25004801e-21  4.37703807e-02 -1.43019049e-04
   6.55705370e-23  6.11044301e-22  5.92820212e-22  1.88803466e-01
   6.48045696e-22  6.25840956e-22  1.68000367e-01 -3.70013947e-23
  -3.30207440e-23  2.08030990e-02]]
[[ 1.20409959e-01  4.16228708e-01 -2.22133345e-21  7.72364029e-02
   4.15890262e-01 -2.20904319e-21  4.31735564e-02  3.38445446e-04
  -1.22902648e-23  1.06003054e-21  3.80359775e-22  2.00594906e-01
   1.04010909e-21  2.79296759e-22  1.80188396e-01  1.99214549e-23
   1.01063016e-22  2.04065100e-02]]
[[ 1.40623073e-01  4.86280981e-01  4.76899235e-22  9.80780020e-02
   4.85449764e-01  5.78328675e-22  4.25450705e-02  8.31217246e-04
  -1.01429440e-22 -2.00354861e-22 -8.32528342e-23  2.31870629e-01
  -2.57399497e-22 -1.69384443e-22  2.11851396e-01  5.70446363e-23
   8.61316091e-23  2.00192330e-02]]
[[ 1.73976933e-01  5.52011265e-01  4.08654733e-22  1.32332110e-01
   5.50576605e-01  5.89244261e-22  4.16448227e-02  1.43466026e-03
  -1.80589528e-22 -1.60747253e-22  2.90340887e-22  2.70104359e-01
  -2.56050177e-22  1.85595276e-22  2.50557394e-01  9.53029240e-23
   1.04745610e-22  1.95469648e-02]]
[[ 1.98812477e-01  6.34103699e-01 -3.67978957e-21  1.59298982e-01
   6.31637571e-01 -3.53015999e-21  3.95134954e-02  2.46612873e-03
  -1.49629576e-22  1.56982745e-21  7.25645631e-22  3.09180505e-01
   1.46013688e-21  5.85330090e-22  2.90567148e-01  1.09690570e-22
   1.40315541e-22  1.86133563e-02]]
[[ 7.01017282e-02  2.37250930e-01  7.98574170e-22  3.71635530e-02
   2.34130433e-01  7.43670129e-22  3.29381752e-02  3.12049672e-03
   5.49040404e-23 -3.38132417e-22 -1.03927588e-22  6.60541954e-02
  -3.03709113e-22 -5.45216342e-23  5.06964905e-02 -3.44233037e-23
  -4.94059538e-23  1.53577049e-02]]
[[ 5.53634123e-02  1.69078569e-01 -1.37581183e-21  2.27532255e-02
   1.66208862e-01 -1.47405364e-21  3.26101868e-02  2.86970716e-03
   9.82418134e-23  6.36147210e-22  4.13025866e-23  3.08332767e-02
   7.01598023e-22  1.54765036e-22  1.52846377e-02 -6.54508135e-23
  -1.13462449e-22  1.55486390e-02]]
[[ 5.18868042e-02  1.21714481e-01 -1.02371239e-21  1.80778097e-02
   1.19335985e-01 -1.06629536e-21  3.38089945e-02  2.37849552e-03
   4.25829759e-23  4.99650178e-22  2.54985015e-22  1.47435645e-02
   5.35443005e-22  4.12221242e-22 -1.56327375e-03 -3.57928272e-23
  -1.57236227e-22  1.63068383e-02]]
[[ 4.83234435e-02  6.53499870e-02  6.62582839e-23  1.32689018e-02
   6.33290574e-02  2.08994659e-22  3.50545417e-02  2.02092958e-03
  -1.42736375e-22  3.06115836e-24  1.26858978e-22 -1.68283012e-03
  -7.39958614e-23  3.47747450e-23 -1.87733803e-02  7.70570197e-23
   9.20842330e-23  1.70905501e-02]]
[[ 4.89404594e-02  3.60104524e-02  4.56900660e-22  1.25560967e-02
   3.42726766e-02  4.20930875e-22  3.63843626e-02  1.73777589e-03
   3.59697846e-23 -1.80999721e-22  6.40224274e-24 -1.04724472e-03
  -1.65871052e-22  6.96927797e-24 -1.89743787e-02 -1.51286691e-23
  -5.67035232e-25  1.79271340e-02]]
[[ 5.00739784e-02  2.18709233e-03 -4.89289953e-22  1.23607303e-02
   7.02348070e-04 -5.54258820e-22  3.77132480e-02  1.48474426e-03
   6.49688669e-23  2.62029713e-22 -2.88900658e-23 -2.14924333e-03
   2.94206054e-22  2.24395715e-23 -2.09133018e-02 -3.21763410e-23
  -5.13296373e-23  1.87640585e-02]]
[[ 5.49088586e-02 -6.33581678e-02  7.11260658e-22  1.55158858e-02
  -6.46116532e-02  6.08264794e-22  3.93929728e-02  1.25348538e-03
   1.02995864e-22 -3.63566336e-22 -2.07351124e-22 -1.82446212e-02
  -3.10030872e-22 -1.80938376e-22 -3.80304936e-02 -5.35354644e-23
  -2.64127488e-23  1.97858724e-02]]
[[ 5.91933933e-02 -1.07649336e-01  5.45855107e-22  1.84407099e-02
  -1.08725034e-01  5.69627083e-22  4.07526834e-02  1.07569844e-03
  -2.37719756e-23 -2.79718443e-22  1.04817170e-22 -2.36481884e-02
  -2.94412638e-22  3.93899459e-23 -4.43130984e-02  1.46941947e-23
   6.54272245e-23  2.06649100e-02]]
[[ 7.01152366e-02 -1.67486892e-01 -3.29695457e-22  2.81596849e-02
  -1.68408343e-01 -2.40446717e-22  4.19555517e-02  9.21450853e-04
  -8.92487402e-23  1.78103129e-22  7.18732237e-22 -3.39899554e-02
   1.35735055e-22  5.74734329e-22 -5.54700981e-02  4.23680737e-23
   1.43997908e-22  2.14801427e-02]]
[[ 7.63471988e-02 -2.17848023e-01  3.69883867e-22  3.36238848e-02
  -2.18578826e-01  4.63131913e-22  4.27233140e-02  7.30803010e-04
  -9.32480452e-23 -1.62127246e-22  4.27551542e-23 -4.13064760e-02
  -2.06581508e-22 -1.34066645e-23 -6.33787636e-02  4.44542621e-23
   5.61618187e-23  2.20722876e-02]]
[[ 9.55155037e-02 -3.17882467e-01 -7.60188257e-23  5.21214144e-02
  -3.18287634e-01  4.03324607e-23  4.33940892e-02  4.05166637e-04
  -1.16351286e-22  4.54300473e-23  3.94131770e-22 -7.00072254e-02
  -1.36306158e-23  3.38712781e-22 -9.25839354e-02  5.90606631e-23
   5.54189889e-23  2.25767100e-02]]
[[ 1.08507341e-01 -3.73396714e-01  7.13910224e-23  6.47870430e-02
  -3.73458394e-01  1.27318593e-22  4.37202978e-02  6.16799896e-05
  -5.59275710e-23  4.01736854e-25 -2.85663905e-22 -7.88650103e-02
  -2.31221645e-23 -3.49771915e-22 -1.01753878e-01  2.35239014e-23
   6.41080099e-23  2.28888680e-02]]
[[ 1.15694083e-01 -4.03411184e-01  1.96999614e-21  7.23729324e-02
  -4.03021734e-01  2.00432791e-21  4.33211504e-02 -3.89450129e-04
  -3.43317743e-23 -1.06257636e-21 -1.57196789e-22 -7.45470790e-02
  -1.08661135e-21 -1.30200124e-22 -9.73314475e-02  2.40349813e-23
  -2.69966653e-23  2.27843685e-02]]
[[ 1.43364918e-01 -4.94215334e-01 -8.17796813e-22  1.00710755e-01
  -4.93268474e-01 -8.00256999e-22  4.26541623e-02 -9.46859629e-04
  -1.75398143e-23  5.24401594e-22 -6.03885228e-22 -9.35407852e-02
   5.27052912e-22 -7.06883066e-22 -1.16034033e-01 -2.65131781e-24
   1.02997838e-22  2.24932480e-02]]
[[ 1.73713715e-01 -5.50126444e-01  3.01017723e-22  1.32066850e-01
  -5.48547836e-01  4.62701662e-22  4.16468650e-02 -1.57860732e-03
  -1.61683940e-22 -2.19000930e-22  3.72696825e-22 -9.49512703e-02
  -2.73289941e-22  2.08847028e-22 -1.16930814e-01  5.42890107e-23
   1.63849797e-22  2.19795438e-02]]
[[ 1.95402294e-01 -6.23612687e-01 -2.51907780e-21  1.55837804e-01
  -6.20987136e-01 -2.36452004e-21  3.95644908e-02 -2.62555143e-03
  -1.54557755e-22  1.35209857e-21  9.32653741e-22 -1.06502542e-01
   1.31505749e-21  7.40642182e-22 -1.27280260e-01  3.70410880e-23
   1.92011559e-22  2.07777180e-02]]
[[ 7.00602835e-02 -2.36372149e-01  2.53403096e-21  3.71557818e-02
  -2.33176552e-01  2.53211751e-21  3.29045016e-02 -3.19559774e-03
   1.91345322e-24 -1.49563441e-21 -1.25179541e-22  5.01605669e-03
  -1.49134456e-21 -1.42559637e-22 -1.24821711e-02 -4.28984871e-24
   1.73800958e-23  1.74982278e-02]]
[[ 6.00817930e-02 -1.80033762e-01 -7.21294238e-22  2.73322158e-02
  -1.77146228e-01 -7.84338821e-22  3.27495773e-02 -2.88753422e-03
   6.30445823e-23  4.52140189e-22  3.35705091e-23  2.22194929e-02
   4.71995024e-22  8.45513953e-23  5.10779939e-03 -1.98548355e-23
  -5.09808862e-23  1.71116935e-02]]
[[ 5.12761221e-02 -1.19486006e-01  7.52286006e-22  1.75387642e-02
  -1.17050815e-01  7.03533919e-22  3.37373579e-02 -2.43519141e-03
   4.87520868e-23 -4.36750533e-22  1.08042862e-22  3.80219959e-02
  -4.07915061e-22  1.25426486e-22  2.05877791e-02 -2.88354716e-23
  -1.73836234e-23  1.74342168e-02]]
[[ 4.71504815e-02 -6.50113326e-02  6.50922728e-22  1.21573838e-02
  -6.29541384e-02  6.35738529e-22  3.49930977e-02 -2.05719412e-03
   1.51841992e-23 -3.54421038e-22 -2.68612100e-23  5.00092033e-02
  -3.41921047e-22 -5.93522799e-23  3.21024264e-02 -1.24999910e-23
   3.24910699e-23  1.79067769e-02]]
[[ 4.91553351e-02 -3.75764426e-02  1.15109450e-22  1.29041202e-02
  -3.57688198e-02  1.75312100e-22  3.62512150e-02 -1.80762278e-03
  -6.02026501e-23 -9.04439856e-23  3.96202125e-23  4.94764901e-02
  -1.16834487e-22  2.02400548e-23  3.11210836e-02  2.63905013e-23
   1.93801577e-23  1.83554065e-02]]
[[ 5.00534179e-02  1.55036560e-02 -5.18328149e-22  1.23615572e-02
   1.70330656e-02 -4.62039569e-22  3.76918607e-02 -1.52940959e-03
  -5.62885809e-23  3.01459671e-22 -6.21546462e-23  6.20863293e-02
   2.69984396e-22 -1.54183458e-23  4.31760200e-02  3.14752751e-23
  -4.67363004e-23  1.89103093e-02]]
[[ 5.44033507e-02  6.53187963e-02 -4.23172351e-22  1.51308063e-02
   6.66184368e-02 -1.45842214e-22  3.92725444e-02 -1.29964050e-03
  -2.77330136e-22  2.15836902e-22  1.82168485e-22  7.40922714e-02
   7.78401093e-23 -1.07567553e-22  5.45793470e-02  1.37996793e-22
   2.89736038e-22  1.95129245e-02]]
