# Field minima and maxima
# Time            	field             	min               	location(min)     	processor         	max               	location(max)     	processor         
0.609524          	nut               	0.0000000000e+00	(1.1790291835e-01 -3.7334381155e-01 0.0000000000e+00)	0	9.4223484993e-04	(8.5000000000e-01 -7.5000000000e-01 0.0000000000e+00)	0
0.609524          	U                 	(5.9878312640e-01 -2.2255142981e-01 -1.1362117870e-23)	(1.0500000000e+00 -5.5000000000e-01 0.0000000000e+00)	0	(1.0979878092e+00 2.7399069874e-01 5.8064007777e-23)	(1.5913690039e-02 -2.8696351800e-01 0.0000000000e+00)	0
0.609524          	k                 	1.9659069096e-06	(9.7264089156e-01 -5.8378868997e-01 -1.3224424666e-17)	0	1.0000000000e-02	(1.5000000000e-01 -5.5000000000e-01 0.0000000000e+00)	0
0.609524          	p                 	-5.0430682311e-01	(1.6016693616e-01 -3.7477325790e-01 0.0000000000e+00)	0	5.4798548232e-01	(3.1166428563e-03 -4.0761685648e-01 -5.9158795799e-17)	0
0.609524          	omega             	6.3958427337e+00	(8.5000000000e-01 -7.5000000000e-01 0.0000000000e+00)	0	7.8141746609e+04	(9.7316333424e-01 -5.8798602582e-01 0.0000000000e+00)	0
0.619048          	nut               	0.0000000000e+00	(1.1816626547e-01 -3.7160385325e-01 0.0000000000e+00)	0	9.5427881201e-04	(8.5000000000e-01 -7.5000000000e-01 0.0000000000e+00)	0
0.619048          	U                 	(9.0013012733e-01 -2.7549342615e-01 -3.4341240801e-23)	(9.5000000000e-01 -4.5000000000e-01 0.0000000000e+00)	0	(1.1514445994e+00 3.4951082186e-01 5.5259130372e-23)	(3.6036727013e-02 -3.1450038756e-01 3.0473800548e-17)	0
0.619048          	k                 	1.8626661895e-06	(9.7229014894e-01 -5.8452741088e-01 3.8544633797e-17)	0	1.0000000000e-02	(5.0000000000e-02 -4.5000000000e-01 0.0000000000e+00)	0
0.619048          	p                 	-5.3463568270e-01	(1.6042595867e-01 -3.7315590002e-01 0.0000000000e+00)	0	5.2189448852e-01	(3.2810480833e-03 -4.0554376303e-01 0.0000000000e+00)	0
0.619048          	omega             	6.2831538978e+00	(8.5000000000e-01 -7.5000000000e-01 0.0000000000e+00)	0	7.8141746588e+04	(9.7280041310e-01 -5.8872624466e-01 0.0000000000e+00)	0
0.628571          	nut               	0.0000000000e+00	(1.1843080962e-01 -3.6984918941e-01 0.0000000000e+00)	0	9.6671975392e-04	(8.5000000000e-01 -7.5000000000e-01 0.0000000000e+00)	0
0.628571          	U                 	(8.9856769053e-01 -2.7580798579e-01 -1.3137455138e-22)	(9.5000000000e-01 -4.5000000000e-01 0.0000000000e+00)	0	(1.1571699900e+00 2.8246209753e-01 1.0430214585e-22)	(4.1436694308e-02 -2.8791502095e-01 -2.3164842923e-17)	0
0.628571          	k                 	1.7721016712e-06	(9.7193479112e-01 -5.8524418304e-01 -5.0640418263e-17)	0	1.0000000000e-02	(5.0000000000e-02 -4.5000000000e-01 0.0000000000e+00)	0
0.628571          	p                 	-6.2364186591e-01	(1.6068583326e-01 -3.7152355365e-01 0.0000000000e+00)	0	4.3353311440e-01	(3.4478318109e-03 -4.0345641282e-01 0.0000000000e+00)	0
0.628571          	omega             	6.1711788244e+00	(8.5000000000e-01 -7.5000000000e-01 0.0000000000e+00)	0	7.8141746565e+04	(9.7243289928e-01 -5.8944447623e-01 0.0000000000e+00)	0
0.638095          	nut               	0.0000000000e+00	(1.1869650757e-01 -3.6808001472e-01 0.0000000000e+00)	0	9.7965303632e-04	(8.5000000000e-01 -7.5000000000e-01 0.0000000000e+00)	0
0.638095          	U                 	(6.9102610749e-01 -1.9567370670e-01 -1.8097334861e-23)	(3.8754931686e-02 -4.5654218082e-01 -2.2371355120e-17)	0	(1.0069965282e+00 1.6557184754e-01 2.3642387945e-22)	(-9.0185818956e-02 -2.4570406545e-01 0.0000000000e+00)	0
0.638095          	k                 	1.6921809564e-06	(9.7157489647e-01 -5.8593892193e-01 0.0000000000e+00)	0	1.0000000000e-02	(5.0000000000e-02 -4.5000000000e-01 0.0000000000e+00)	0
0.638095          	p                 	-5.4226896191e-01	(1.6094651965e-01 -3.6987639915e-01 0.0000000000e+00)	0	5.1805006980e-01	(3.6169558103e-03 -4.0135504166e-01 -2.5794334320e-17)	0
0.638095          	omega             	6.0592845185e+00	(8.5000000000e-01 -7.5000000000e-01 0.0000000000e+00)	0	7.8141746548e+04	(9.7206087264e-01 -5.9014063608e-01 0.0000000000e+00)	0
0.647619          	nut               	0.0000000000e+00	(1.1896331536e-01 -3.6629652346e-01 0.0000000000e+00)	0	8.8476255324e-04	(1.5500000000e+00 -5.5000000000e-01 -2.3226019873e-17)	1
0.647619          	U                 	(7.9662611108e-01 -1.6753335398e-01 -6.6517386484e-23)	(2.5923791097e-02 -4.8440644207e-01 -2.9871758438e-17)	0	(1.2070406867e+00 4.3907017735e-01 2.5106295978e-23)	(4.9302347048e-02 -3.4340825911e-01 -1.4164537791e-17)	0
0.647619          	k                 	1.6150735353e-06	(9.7121054567e-01 -5.8661154370e-01 0.0000000000e+00)	0	1.0000000000e-02	(5.0000000000e-02 -4.5000000000e-01 0.0000000000e+00)	0
0.647619          	p                 	-5.8338236579e-01	(1.6120797701e-01 -3.6821461650e-01 0.0000000000e+00)	0	4.8204820196e-01	(3.7883806965e-03 -3.9923988507e-01 0.0000000000e+00)	0
0.647619          	omega             	6.8888550402e+00	(1.5500000000e+00 -5.5000000000e-01 -2.3226019873e-17)	1	7.8141746533e+04	(9.7168441531e-01 -5.9081464043e-01 0.0000000000e+00)	0
0.657143          	nut               	0.0000000000e+00	(1.1923118833e-01 -3.6449890952e-01 0.0000000000e+00)	0	8.7899461466e-04	(1.5500000000e+00 -5.5000000000e-01 -2.3226019873e-17)	1
0.657143          	U                 	(9.2875690898e-01 -2.7962894362e-01 -1.7051035854e-23)	(8.5000000000e-01 -4.5000000000e-01 0.0000000000e+00)	0	(1.0380358206e+00 2.0700626076e-01 3.0222443074e-22)	(-4.0036336926e-02 -2.5135532716e-01 2.3229343597e-17)	0
0.657143          	k                 	1.5390993279e-06	(9.7084182164e-01 -5.8726196516e-01 0.0000000000e+00)	0	1.0000000000e-02	(5.0000000000e-02 -4.5000000000e-01 0.0000000000e+00)	0
0.657143          	p                 	-6.6630709747e-01	(1.6147016390e-01 -3.6653838529e-01 0.0000000000e+00)	0	3.9806300870e-01	(3.9620659369e-03 -3.9711117825e-01 0.0000000000e+00)	0
0.657143          	omega             	6.8811390766e+00	(1.5500000000e+00 -5.5000000000e-01 -2.3226019873e-17)	1	7.8141746516e+04	(9.7130361165e-01 -5.9146640621e-01 0.0000000000e+00)	0
0.666667          	nut               	0.0000000000e+00	(1.1950008108e-01 -3.6268736637e-01 0.0000000000e+00)	0	8.7265330254e-04	(1.5500000000e+00 -5.5000000000e-01 -2.3226019873e-17)	1
0.666667          	U                 	(3.3432364460e-01 -1.9273238087e-01 -5.5085680068e-23)	(1.0294117202e+00 -5.6976223350e-01 0.0000000000e+00)	0	(1.0908233455e+00 3.3967892306e-01 1.1708680827e-22)	(1.3771942794e-02 -2.9904817302e-01 -2.3943113512e-17)	0
0.666667          	k                 	1.4684508078e-06	(9.7046880951e-01 -5.8789010382e-01 -2.7577489531e-17)	0	1.0000000000e-02	(5.0000000000e-02 -4.5000000000e-01 0.0000000000e+00)	0
0.666667          	p                 	-6.6790705617e-01	(1.6173303834e-01 -3.6484788475e-01 0.0000000000e+00)	0	3.9932550820e-01	(4.1379698610e-03 -3.9496915604e-01 0.0000000000e+00)	0
0.666667          	omega             	6.8736285046e+00	(1.5500000000e+00 -5.5000000000e-01 -2.3226019873e-17)	1	7.8141746500e+04	(9.7091854829e-01 -5.9209585103e-01 0.0000000000e+00)	0
0.67619           	nut               	0.0000000000e+00	(1.1976994751e-01 -3.6086208708e-01 0.0000000000e+00)	0	8.6569907827e-04	(1.5500000000e+00 -5.5000000000e-01 -2.3226019873e-17)	1
0.67619           	U                 	(7.8956853906e-01 -1.4798268587e-01 -1.1027601995e-22)	(1.2310121909e+00 -5.2506797216e-01 0.0000000000e+00)	0	(1.0534918314e+00 4.1587702470e-01 1.6448654195e-22)	(8.9630657093e-03 -3.2147613213e-01 1.4358498675e-17)	0
0.67619           	k                 	1.3838712818e-06	(9.7009159665e-01 -5.8849587787e-01 2.7577489531e-17)	0	1.0000000000e-02	(5.0000000000e-02 -4.5000000000e-01 0.0000000000e+00)	0
0.67619           	p                 	-4.4589895826e-01	(1.6199655778e-01 -3.6314329368e-01 0.0000000000e+00)	0	6.2891099228e-01	(4.3160496702e-03 -3.9281405297e-01 0.0000000000e+00)	0
0.67619           	omega             	6.8663780504e+00	(1.5500000000e+00 -5.5000000000e-01 -2.3226019873e-17)	1	7.8141746485e+04	(9.7052931405e-01 -5.9270289321e-01 0.0000000000e+00)	0
0.685714          	nut               	0.0000000000e+00	(1.2004074081e-01 -3.5902326431e-01 0.0000000000e+00)	0	8.5814503192e-04	(1.5500000000e+00 -5.5000000000e-01 -2.3226019873e-17)	1
0.685714          	U                 	(5.6963765331e-01 -2.1668349661e-01 -2.3617035472e-23)	(1.0830254019e+00 -5.5760878622e-01 0.0000000000e+00)	0	(1.1178064455e+00 2.7805556707e-01 9.3214570136e-23)	(2.0066049113e-02 -2.7031915604e-01 0.0000000000e+00)	0
0.685714          	k                 	1.3126108142e-06	(9.6971027262e-01 -5.8907920625e-01 0.0000000000e+00)	0	1.0000000000e-02	(5.0000000000e-02 -4.5000000000e-01 0.0000000000e+00)	0
0.685714          	p                 	-6.3684159560e-01	(1.6226067911e-01 -3.6142479054e-01 0.0000000000e+00)	0	4.4413543799e-01	(4.4962614479e-03 -3.9064610321e-01 -1.8224207162e-17)	0
0.685714          	omega             	6.7746657396e+00	(7.5000000000e-01 -7.5000000000e-01 0.0000000000e+00)	0	7.8141746462e+04	(9.7013599993e-01 -5.9328745183e-01 0.0000000000e+00)	0
0.695238          	nut               	0.0000000000e+00	(1.2031241348e-01 -3.5717109030e-01 0.0000000000e+00)	0	8.5303344999e-04	(7.5000000000e-01 -7.5000000000e-01 0.0000000000e+00)	0
0.695238          	U                 	(6.6929217246e-01 -1.7661880895e-01 -7.9459843191e-23)	(1.1708420015e+00 -5.6549823311e-01 1.5997716275e-17)	0	(1.1445882114e+00 5.3395898483e-01 1.3827384720e-22)	(3.6053040367e-02 -3.4240044913e-01 -2.3543664767e-17)	0
0.695238          	k                 	1.2503239317e-06	(9.6932492914e-01 -5.8964000857e-01 -2.6448849331e-17)	0	1.0000000000e-02	(5.0000000000e-02 -4.5000000000e-01 0.0000000000e+00)	0
0.695238          	p                 	-6.5077741864e-01	(1.6252535868e-01 -3.5969255336e-01 0.0000000000e+00)	0	4.3140922569e-01	(4.6785601698e-03 -3.8846554057e-01 1.8224207162e-17)	0
0.695238          	omega             	6.6787441432e+00	(7.5000000000e-01 -7.5000000000e-01 0.0000000000e+00)	0	7.8141746447e+04	(9.6973869914e-01 -5.9384944666e-01 0.0000000000e+00)	0
0.704762          	nut               	0.0000000000e+00	(1.2058493600e-01 -3.5530562964e-01 0.0000000000e+00)	0	8.6072312089e-04	(7.5000000000e-01 -7.5000000000e-01 0.0000000000e+00)	0
0.704762          	U                 	(9.1650437376e-01 -2.7962615119e-01 -5.8080080020e-23)	(8.5000000000e-01 -4.5000000000e-01 0.0000000000e+00)	0	(1.1296070877e+00 5.8034208781e-01 1.3221135715e-22)	(2.4305337962e-02 -3.3757428063e-01 0.0000000000e+00)	0
0.704762          	k                 	1.1926665534e-06	(9.6893563336e-01 -5.9017824194e-01 1.2095784466e-17)	0	1.0000000000e-02	(5.0000000000e-02 -4.5000000000e-01 0.0000000000e+00)	0
0.704762          	p                 	-6.1922561171e-01	(1.6279057045e-01 -3.5794664074e-01 0.0000000000e+00)	0	4.6528070669e-01	(4.8629123827e-03 -3.8627244896e-01 -5.3130645064e-17)	0
0.704762          	omega             	6.5855204858e+00	(7.5000000000e-01 -7.5000000000e-01 0.0000000000e+00)	0	7.8141746435e+04	(9.6933747947e-01 -5.9438883505e-01 0.0000000000e+00)	0
0.714286          	nut               	0.0000000000e+00	(1.2085841451e-01 -3.5342603635e-01 0.0000000000e+00)	0	8.6842478643e-04	(7.5000000000e-01 -7.5000000000e-01 0.0000000000e+00)	0
0.714286          	U                 	(7.7646886542e-01 -1.5565288716e-01 -6.6495264764e-23)	(2.5481854871e-02 -4.6965691788e-01 7.1434973476e-18)	0	(1.1847699192e+00 3.5222080993e-01 2.6177179038e-22)	(4.0395890909e-02 -2.9399667342e-01 0.0000000000e+00)	0
0.714286          	k                 	1.1383450010e-06	(9.6854225704e-01 -5.9069413962e-01 1.2095784466e-17)	0	1.0000000000e-02	(5.0000000000e-02 -4.5000000000e-01 0.0000000000e+00)	0
0.714286          	p                 	-6.1952930577e-01	(8.1054769093e-02 -3.5090806435e-01 0.0000000000e+00)	0	4.6686243277e-01	(5.0493772631e-03 -3.8406583959e-01 0.0000000000e+00)	0
0.714286          	omega             	6.4942530279e+00	(7.5000000000e-01 -7.5000000000e-01 0.0000000000e+00)	0	7.8141746423e+04	(9.6893220742e-01 -5.9490585106e-01 0.0000000000e+00)	0
0.72381           	nut               	0.0000000000e+00	(1.2113283940e-01 -3.5153228408e-01 0.0000000000e+00)	0	8.7613188734e-04	(7.5000000000e-01 -7.5000000000e-01 0.0000000000e+00)	0
0.72381           	U                 	(3.0070574936e-01 -1.7733800304e-01 -3.1364389988e-23)	(1.0273877814e+00 -5.7406581358e-01 0.0000000000e+00)	0	(1.1881923655e+00 3.5254245916e-01 1.6636437280e-22)	(4.0838072242e-02 -2.9187646083e-01 0.0000000000e+00)	0
0.72381           	k                 	1.0834334679e-06	(9.6814483520e-01 -5.9118772152e-01 3.9673273997e-17)	0	1.0000000000e-02	(5.0000000000e-02 -4.5000000000e-01 0.0000000000e+00)	0
0.72381           	p                 	-6.6221418064e-01	(8.1336446136e-02 -3.4890217875e-01 0.0000000000e+00)	0	4.3066066655e-01	(5.2379368030e-03 -3.8184568377e-01 0.0000000000e+00)	0
0.72381           	omega             	6.4049358025e+00	(7.5000000000e-01 -7.5000000000e-01 0.0000000000e+00)	0	7.8141746412e+04	(9.6852291790e-01 -5.9540051489e-01 0.0000000000e+00)	0
0.733333          	nut               	0.0000000000e+00	(1.2140816709e-01 -3.4962457709e-01 0.0000000000e+00)	0	8.8383984449e-04	(7.5000000000e-01 -7.5000000000e-01 0.0000000000e+00)	0
0.733333          	U                 	(8.7851066614e-01 -2.7701076279e-01 -1.1078233462e-23)	(9.5000000000e-01 -4.5000000000e-01 0.0000000000e+00)	0	(1.0751039294e+00 4.2360738384e-01 2.0934306188e-22)	(1.1285786828e-02 -3.0836345899e-01 0.0000000000e+00)	0
0.733333          	k                 	1.0309259899e-06	(9.6774345240e-01 -5.9165894358e-01 -2.6448849331e-17)	0	1.0000000000e-02	(5.0000000000e-02 -4.5000000000e-01 0.0000000000e+00)	0
0.733333          	p                 	-6.4415137348e-01	(8.1619320795e-02 -3.4688266502e-01 0.0000000000e+00)	0	4.5233657269e-01	(5.4285494903e-03 -3.7961222374e-01 0.0000000000e+00)	0
0.733333          	omega             	6.3175462176e+00	(7.5000000000e-01 -7.5000000000e-01 0.0000000000e+00)	0	7.8141746399e+04	(9.6810969680e-01 -5.9587278264e-01 0.0000000000e+00)	0
0.742857          	nut               	0.0000000000e+00	(1.2168435334e-01 -3.4770311925e-01 0.0000000000e+00)	0	8.9154284132e-04	(7.5000000000e-01 -7.5000000000e-01 0.0000000000e+00)	0
0.742857          	U                 	(8.7662138590e-01 -2.7707464867e-01 -5.9368975269e-23)	(9.5000000000e-01 -4.5000000000e-01 0.0000000000e+00)	0	(1.0539259164e+00 2.1421344210e-01 1.7175331119e-22)	(-3.4646503780e-02 -2.3053538502e-01 3.0454489887e-17)	0
0.742857          	k                 	9.8673589385e-07	(9.6733819511e-01 -5.9210776242e-01 0.0000000000e+00)	0	1.0000000000e-02	(5.0000000000e-02 -4.5000000000e-01 0.0000000000e+00)	0
0.742857          	p                 	-6.4547665696e-01	(8.1903345384e-02 -3.4484973923e-01 0.0000000000e+00)	0	4.5102956991e-01	(1.0017533774e-02 -3.8477545636e-01 -1.1418646979e-17)	0
0.742857          	omega             	6.2320697540e+00	(7.5000000000e-01 -7.5000000000e-01 0.0000000000e+00)	0	7.8141746387e+04	(9.6769263192e-01 -5.9632261107e-01 0.0000000000e+00)	0
0.752381          	nut               	0.0000000000e+00	(1.2196135331e-01 -3.4576811405e-01 0.0000000000e+00)	0	8.9923391200e-04	(7.5000000000e-01 -7.5000000000e-01 0.0000000000e+00)	0
0.752381          	U                 	(5.4849440081e-01 -2.0836689623e-01 -8.4129377399e-24)	(1.0500000000e+00 -5.5000000000e-01 0.0000000000e+00)	0	(1.0238717327e+00 6.4090516940e-01 1.2226865338e-22)	(2.3088547493e-02 -3.3904401016e-01 3.0969962670e-17)	0
0.752381          	k                 	9.4828896097e-07	(9.6692915177e-01 -5.9253413538e-01 0.0000000000e+00)	0	1.0000000000e-02	(5.0000000000e-02 -4.5000000000e-01 0.0000000000e+00)	0
0.752381          	p                 	-5.8487921941e-01	(8.2188471482e-02 -3.4280361702e-01 0.0000000000e+00)	0	5.1546032514e-01	(1.0191407972e-02 -3.8252836554e-01 0.0000000000e+00)	0
0.752381          	omega             	6.1484963313e+00	(7.5000000000e-01 -7.5000000000e-01 0.0000000000e+00)	0	7.8141746379e+04	(9.6727181302e-01 -5.9674995770e-01 0.0000000000e+00)	0
0.761905          	nut               	0.0000000000e+00	(1.2223912156e-01 -3.4381976458e-01 0.0000000000e+00)	0	9.0704342498e-04	(7.5000000000e-01 -7.5000000000e-01 0.0000000000e+00)	0
0.761905          	U                 	(5.4506340587e-01 -2.0724737186e-01 -7.6131292551e-24)	(1.0500000000e+00 -5.5000000000e-01 0.0000000000e+00)	0	(1.0092521962e+00 1.4363435419e-01 2.9095601663e-22)	(-1.3055078296e-01 -2.0189483289e-01 5.5219993213e-17)	0
0.761905          	k                 	9.1236472889e-07	(9.6651641268e-01 -5.9293802044e-01 -1.3224424666e-17)	0	1.0000000000e-02	(5.0000000000e-02 -4.5000000000e-01 0.0000000000e+00)	0
0.761905          	p                 	-5.7650325385e-01	(8.2474649942e-02 -3.4074451363e-01 0.0000000000e+00)	0	5.3440722175e-01	(1.0367234271e-02 -3.8026860002e-01 1.1418646979e-17)	0
0.761905          	omega             	6.0659415790e+00	(7.5000000000e-01 -7.5000000000e-01 0.0000000000e+00)	0	7.8141746372e+04	(9.6684733176e-01 -5.9715478071e-01 0.0000000000e+00)	0
0.771429          	nut               	0.0000000000e+00	(1.2251761205e-01 -3.4185827356e-01 0.0000000000e+00)	0	9.1469775081e-04	(7.5000000000e-01 -7.5000000000e-01 0.0000000000e+00)	0
0.771429          	U                 	(5.2189841591e-01 -2.0789811518e-01 -3.8847907695e-23)	(1.0801745246e+00 -5.6472349041e-01 3.0445831625e-17)	0	(1.0101749212e+00 1.4432299936e-01 2.4488062985e-22)	(-1.2987731911e-01 -1.9923211612e-01 -7.2277253786e-18)	0
0.771429          	k                 	8.8105832611e-07	(9.6610007009e-01 -5.9331937633e-01 -2.6448849331e-17)	0	1.0000000000e-02	(5.0000000000e-02 -4.5000000000e-01 0.0000000000e+00)	0
0.771429          	p                 	-5.5298047387e-01	(8.2761830899e-02 -3.3867264391e-01 0.0000000000e+00)	0	5.6035425839e-01	(1.0544969865e-02 -3.7799639985e-01 -2.2837293958e-17)	0
0.771429          	omega             	5.9861133624e+00	(7.5000000000e-01 -7.5000000000e-01 0.0000000000e+00)	0	7.8141746365e+04	(9.6641928170e-01 -5.9753703902e-01 0.0000000000e+00)	0
0.780952          	nut               	0.0000000000e+00	(1.2279677815e-01 -3.3988384332e-01 0.0000000000e+00)	0	9.2231889936e-04	(7.5000000000e-01 -7.5000000000e-01 0.0000000000e+00)	0
0.780952          	U                 	(6.3949843484e-01 -1.4884818232e-01 -5.6777506164e-23)	(1.4702243468e-02 -4.1929843900e-01 0.0000000000e+00)	0	(1.2882886119e+00 3.1768539547e-01 8.2444511677e-23)	(6.7735932532e-02 -2.8513120052e-01 1.5584763742e-17)	0
0.780952          	k                 	8.4695482140e-07	(9.6568021807e-01 -5.9367816247e-01 -3.8544633797e-17)	0	1.0000000000e-02	(5.0000000000e-02 -4.5000000000e-01 0.0000000000e+00)	0
0.780952          	p                 	-6.5656410021e-01	(8.3049963779e-02 -3.3658822225e-01 0.0000000000e+00)	0	4.6617535937e-01	(1.0724571003e-02 -3.7571200477e-01 0.0000000000e+00)	0
0.780952          	omega             	5.9081518400e+00	(7.5000000000e-01 -7.5000000000e-01 0.0000000000e+00)	0	7.8141746360e+04	(9.6598775825e-01 -5.9789669227e-01 0.0000000000e+00)	0
0.790476          	nut               	0.0000000000e+00	(1.2307657266e-01 -3.3789667578e-01 0.0000000000e+00)	0	9.2992737898e-04	(7.5000000000e-01 -7.5000000000e-01 0.0000000000e+00)	0
0.790476          	U                 	(5.2948554162e-01 -2.1180868262e-01 -3.6109183868e-23)	(1.0310110126e+00 -5.5377598419e-01 2.2414761618e-17)	0	(1.0173053170e+00 3.6101492799e-01 1.8276667217e-22)	(-1.0602034589e-02 -2.8852027516e-01 5.2183463799e-17)	0
0.790476          	k                 	8.1215678141e-07	(9.6525695256e-01 -5.9401433902e-01 -1.1286401998e-18)	0	1.0000000000e-02	(5.0000000000e-02 -4.5000000000e-01 0.0000000000e+00)	0
0.790476          	p                 	-6.7458869561e-01	(8.3338997309e-02 -3.3449146267e-01 0.0000000000e+00)	0	4.5414595892e-01	(1.0905993001e-02 -3.7341565420e-01 -2.2837293958e-17)	0
0.790476          	omega             	5.8321370081e+00	(7.5000000000e-01 -7.5000000000e-01 0.0000000000e+00)	0	7.8141746351e+04	(9.6555285869e-01 -5.9823370084e-01 0.0000000000e+00)	0
0.8               	nut               	0.0000000000e+00	(1.2335694778e-01 -3.3589697249e-01 0.0000000000e+00)	0	9.3699331624e-04	(7.5000000000e-01 -7.5000000000e-01 0.0000000000e+00)	0
0.8               	U                 	(8.6177482424e-01 -2.7877296153e-01 -1.2604134014e-22)	(9.8575348939e-01 -4.7816083202e-01 0.0000000000e+00)	0	(1.0978058906e+00 4.3014206915e-01 2.0481369210e-22)	(1.4056952956e-02 -2.9250423540e-01 2.2187327042e-17)	0
0.8               	k                 	7.7565973764e-07	(9.6483037134e-01 -5.9432786684e-01 0.0000000000e+00)	0	1.0000000000e-02	(5.0000000000e-02 -4.5000000000e-01 0.0000000000e+00)	0
0.8               	p                 	-6.7741295987e-01	(8.3628879522e-02 -3.3238257874e-01 0.0000000000e+00)	0	4.5981636915e-01	(1.1089190250e-02 -3.7110758719e-01 0.0000000000e+00)	0
0.8               	omega             	5.7609337855e+00	(7.5000000000e-01 -7.5000000000e-01 0.0000000000e+00)	0	7.8141746343e+04	(9.6511468212e-01 -5.9854802584e-01 0.0000000000e+00)	0
0.809091          	nut               	0.0000000000e+00	(1.2362515572e-01 -3.3397608741e-01 0.0000000000e+00)	0	9.4329761832e-04	(7.5000000000e-01 -7.5000000000e-01 0.0000000000e+00)	0
0.809091          	U                 	(5.1982077848e-01 -2.0865425919e-01 -3.2881556480e-23)	(1.0303889395e+00 -5.5472087998e-01 7.2145911304e-18)	0	(1.2161848338e+00 3.5296293183e-01 1.4449213208e-22)	(4.4837653517e-02 -2.7234333332e-01 -1.6086030304e-17)	0
0.809091          	k                 	7.5123810396e-07	(9.6442005598e-01 -5.9460606540e-01 0.0000000000e+00)	0	1.0000000000e-02	(5.0000000000e-02 -4.5000000000e-01 0.0000000000e+00)	0
0.809091          	p                 	-9.7063875561e-01	(8.3906411348e-02 -3.3035783973e-01 0.0000000000e+00)	0	1.7132937049e-01	(1.1265726463e-02 -3.6889306645e-01 0.0000000000e+00)	0
0.809091          	omega             	5.6968139883e+00	(7.5000000000e-01 -7.5000000000e-01 0.0000000000e+00)	0	7.8141746334e+04	(9.6469333250e-01 -5.9882695329e-01 0.0000000000e+00)	0
0.818182          	nut               	0.0000000000e+00	(1.2389399896e-01 -3.3204278822e-01 0.0000000000e+00)	0	9.4914351912e-04	(7.5000000000e-01 -7.5000000000e-01 0.0000000000e+00)	0
0.818182          	U                 	(8.3976420541e-01 -6.5518324237e-02 -9.9136368541e-23)	(-9.4847451182e-03 -5.2702968980e-01 -3.0315402046e-17)	0	(1.1032308287e+00 2.6390853609e-01 1.7706953600e-22)	(3.2542724962e-03 -2.3314364037e-01 0.0000000000e+00)	0
0.818182          	k                 	7.2790186731e-07	(9.6400659970e-01 -5.9486376872e-01 -3.8544633797e-17)	0	1.0000000000e-02	(5.0000000000e-02 -4.5000000000e-01 0.0000000000e+00)	0
0.818182          	p                 	-7.8632162734e-01	(8.4184822041e-02 -3.2832100909e-01 0.0000000000e+00)	0	3.5368055230e-01	(1.1443925597e-02 -3.6666673615e-01 -9.6831815968e-19)	0
0.818182          	omega             	5.6364484323e+00	(7.5000000000e-01 -7.5000000000e-01 0.0000000000e+00)	0	7.8141746332e+04	(9.6426887176e-01 -5.9908535468e-01 0.0000000000e+00)	0
0.827273          	nut               	0.0000000000e+00	(1.2416343741e-01 -3.3009726249e-01 0.0000000000e+00)	0	9.5452794422e-04	(7.5000000000e-01 -7.5000000000e-01 0.0000000000e+00)	0
0.827273          	U                 	(5.1005510675e-01 -2.0537021809e-01 -3.5766346650e-23)	(1.0297657180e+00 -5.5555974801e-01 2.2414761618e-17)	0	(1.2006018614e+00 5.9307843773e-01 6.7781129996e-23)	(2.8578087647e-02 -3.0894064065e-01 -4.5480517416e-17)	0
0.827273          	k                 	7.0105156453e-07	(9.6359008303e-01 -5.9510095365e-01 2.5320209131e-17)	0	1.0000000000e-02	(5.0000000000e-02 -4.5000000000e-01 0.0000000000e+00)	0
0.827273          	p                 	-7.4435609903e-01	(8.4464068176e-02 -3.2627228489e-01 0.0000000000e+00)	0	4.0570646550e-01	(1.1623750241e-02 -3.6442881621e-01 0.0000000000e+00)	0
0.827273          	omega             	5.5796774673e+00	(7.5000000000e-01 -7.5000000000e-01 0.0000000000e+00)	0	7.8141746327e+04	(9.6384138158e-01 -5.9932320704e-01 0.0000000000e+00)	0
0.836364          	nut               	0.0000000000e+00	(1.2443342977e-01 -3.2813970282e-01 0.0000000000e+00)	0	9.5944850857e-04	(7.5000000000e-01 -7.5000000000e-01 0.0000000000e+00)	0
0.836364          	U                 	(5.0311664444e-01 -1.9797339973e-01 -4.7390148836e-23)	(9.0858452428e-01 -5.2383399112e-01 6.6854090896e-17)	0	(1.0133235148e+00 2.4660649353e-01 1.0970836225e-22)	(-5.0471288748e-02 -2.3976222834e-01 0.0000000000e+00)	0
0.836364          	k                 	6.6904332497e-07	(9.6317058923e-01 -5.9531759687e-01 0.0000000000e+00)	0	1.0000000000e-02	(5.0000000000e-02 -4.5000000000e-01 0.0000000000e+00)	0
0.836364          	p                 	-7.2993315035e-01	(8.4744104960e-02 -3.2421187047e-01 0.0000000000e+00)	0	4.3542194976e-01	(1.1805161706e-02 -3.6217953245e-01 1.1418646979e-17)	0
0.836364          	omega             	5.5263519172e+00	(7.5000000000e-01 -7.5000000000e-01 0.0000000000e+00)	0	7.8141746320e+04	(9.6341094637e-01 -5.9954048724e-01 0.0000000000e+00)	0
0.845455          	nut               	0.0000000000e+00	(1.2470393425e-01 -3.2617030146e-01 0.0000000000e+00)	0	9.6390624425e-04	(7.5000000000e-01 -7.5000000000e-01 0.0000000000e+00)	0
0.845455          	U                 	(8.5577057388e-01 -2.7601409709e-01 -3.4384446782e-23)	(9.5000000000e-01 -4.5000000000e-01 0.0000000000e+00)	0	(1.0720884106e+00 2.2119743750e-01 3.2189801928e-22)	(-2.8088155469e-02 -2.0442387585e-01 -5.3683833484e-17)	0
0.845455          	k                 	6.3747786754e-07	(9.6274820306e-01 -5.9551367567e-01 0.0000000000e+00)	0	1.0000000000e-02	(5.0000000000e-02 -4.5000000000e-01 0.0000000000e+00)	0
0.845455          	p                 	-7.1912305184e-01	(8.5024887015e-02 -3.2213996879e-01 0.0000000000e+00)	0	4.4689679308e-01	(1.1988120516e-02 -3.5991911037e-01 -2.3805612117e-17)	0
0.845455          	omega             	5.4763190985e+00	(7.5000000000e-01 -7.5000000000e-01 0.0000000000e+00)	0	7.8141746310e+04	(9.6297765212e-01 -5.9973717277e-01 0.0000000000e+00)	0
0.854545          	nut               	0.0000000000e+00	(1.2497490856e-01 -3.2418925035e-01 0.0000000000e+00)	0	9.6794248902e-04	(7.5000000000e-01 -7.5000000000e-01 0.0000000000e+00)	0
0.854545          	U                 	(8.5215547210e-01 -2.7978333179e-01 -1.1304562675e-22)	(9.8505212095e-01 -4.7986195007e-01 -1.5844269674e-17)	0	(1.1164007985e+00 4.3554700459e-01 1.9451030991e-22)	(1.6363713074e-02 -2.7910015282e-01 -2.2187327042e-17)	0
0.854545          	k                 	6.1390925847e-07	(9.6232301088e-01 -5.9568916796e-01 0.0000000000e+00)	0	1.0000000000e-02	(5.0000000000e-02 -4.5000000000e-01 0.0000000000e+00)	0
0.854545          	p                 	-5.8305357921e-01	(8.5306368378e-02 -3.2005678249e-01 0.0000000000e+00)	0	5.7973740990e-01	(1.2172586416e-02 -3.5764777523e-01 0.0000000000e+00)	0
0.854545          	omega             	5.4292108076e+00	(7.5000000000e-01 -7.5000000000e-01 0.0000000000e+00)	0	7.8141746302e+04	(9.6254158633e-01 -5.9991324175e-01 0.0000000000e+00)	0
0.863636          	nut               	0.0000000000e+00	(1.2524630995e-01 -3.2219674106e-01 0.0000000000e+00)	0	9.7155230120e-04	(7.5000000000e-01 -7.5000000000e-01 0.0000000000e+00)	0
0.863636          	U                 	(8.5029303650e-01 -2.7973415771e-01 -1.1895388170e-22)	(9.8492130029e-01 -4.8007552903e-01 -7.2143071309e-18)	0	(1.0379930249e+00 1.8501915723e-01 2.4680519342e-22)	(-7.5108074914e-02 -1.8630774313e-01 9.5402788200e-18)	0
0.863636          	k                 	5.8979785653e-07	(9.6189510053e-01 -5.9584405227e-01 5.0640418263e-17)	0	1.0000000000e-02	(5.0000000000e-02 -4.5000000000e-01 0.0000000000e+00)	0
0.863636          	p                 	-7.6027340834e-01	(8.5588502512e-02 -3.1796251382e-01 0.0000000000e+00)	0	4.1348750471e-01	(1.2358518383e-02 -3.5536575196e-01 -5.5156598574e-17)	0
0.863636          	omega             	5.3849394474e+00	(7.5000000000e-01 -7.5000000000e-01 0.0000000000e+00)	0	7.8141746299e+04	(9.6210283805e-01 -6.0006867293e-01 0.0000000000e+00)	0
0.872727          	nut               	0.0000000000e+00	(1.2551809518e-01 -3.2019296488e-01 0.0000000000e+00)	0	9.7473265565e-04	(7.5000000000e-01 -7.5000000000e-01 0.0000000000e+00)	0
0.872727          	U                 	(6.1599647126e-01 -2.1464705692e-01 -1.3203242805e-23)	(1.0500000000e+00 -5.5000000000e-01 0.0000000000e+00)	0	(1.0765584969e+00 2.2299026323e-01 1.9994754431e-22)	(-2.6332456741e-02 -1.9727419206e-01 -3.0454489887e-17)	0
0.872727          	k                 	5.4462674772e-07	(9.1553908034e-01 -5.7981203036e-01 0.0000000000e+00)	0	1.0000000000e-02	(5.0000000000e-02 -4.5000000000e-01 0.0000000000e+00)	0
0.872727          	p                 	-5.5830505852e-01	(8.5871242316e-02 -3.1585736471e-01 0.0000000000e+00)	0	6.2119489255e-01	(1.2545874631e-02 -3.5307326525e-01 -1.0450328819e-17)	0
0.872727          	omega             	5.3434108118e+00	(7.5000000000e-01 -7.5000000000e-01 0.0000000000e+00)	0	7.8141746293e+04	(9.6166149781e-01 -6.0020344572e-01 0.0000000000e+00)	0
0.881818          	nut               	0.0000000000e+00	(1.2579022057e-01 -3.1817811271e-01 0.0000000000e+00)	0	9.7748574907e-04	(7.5000000000e-01 -7.5000000000e-01 0.0000000000e+00)	0
0.881818          	U                 	(8.6219467620e-01 -2.7304545980e-01 -6.3277305862e-23)	(8.5000000000e-01 -4.5000000000e-01 0.0000000000e+00)	0	(1.2905461049e+00 4.2235571639e-01 1.3943184829e-22)	(5.7852045389e-02 -2.9059319828e-01 3.6176187185e-17)	0
0.881818          	k                 	4.7416923706e-07	(9.1514733156e-01 -5.7980870624e-01 0.0000000000e+00)	0	1.0000000000e-02	(5.0000000000e-02 -4.5000000000e-01 0.0000000000e+00)	0
0.881818          	p                 	-7.3074795401e-01	(8.6154540126e-02 -3.1374153670e-01 0.0000000000e+00)	0	4.5414321661e-01	(1.2734612623e-02 -3.5077053945e-01 -2.0900657638e-17)	0
0.881818          	omega             	5.3045153403e+00	(7.5000000000e-01 -7.5000000000e-01 0.0000000000e+00)	0	7.8141746286e+04	(9.6121765765e-01 -6.0031754015e-01 0.0000000000e+00)	0
0.890909          	nut               	0.0000000000e+00	(1.2606264197e-01 -3.1615237517e-01 0.0000000000e+00)	0	9.7978926412e-04	(7.5000000000e-01 -7.5000000000e-01 0.0000000000e+00)	0
0.890909          	U                 	(8.4465095991e-01 -2.7422330558e-01 -6.5957115026e-23)	(9.5000000000e-01 -4.5000000000e-01 0.0000000000e+00)	0	(1.2152417717e+00 2.3218692460e-01 8.1124817983e-23)	(6.2408637478e-02 -2.0447676882e-01 3.7636568616e-17)	0
0.890909          	k                 	4.1109455232e-07	(9.1475327806e-01 -5.7978525756e-01 0.0000000000e+00)	0	1.0000000000e-02	(5.0000000000e-02 -4.5000000000e-01 0.0000000000e+00)	0
0.890909          	p                 	-7.4655674361e-01	(6.0838467121e-02 -3.1158185569e-01 0.0000000000e+00)	0	4.4627066105e-01	(1.2924689080e-02 -3.4845779864e-01 1.1418646979e-17)	0
0.890909          	omega             	5.2682854092e+00	(7.5000000000e-01 -7.5000000000e-01 0.0000000000e+00)	0	7.8141746278e+04	(9.6077141107e-01 -6.0041093692e-01 0.0000000000e+00)	0
0.9               	nut               	0.0000000000e+00	(1.2633531477e-01 -3.1411594251e-01 0.0000000000e+00)	0	9.8202806159e-04	(7.5000000000e-01 -7.5000000000e-01 0.0000000000e+00)	0
0.9               	U                 	(4.7357236470e-01 -1.8189392785e-01 -3.6594532382e-23)	(1.0511715492e+00 -5.6495474276e-01 0.0000000000e+00)	0	(1.0493050387e+00 2.8799681069e-01 1.0540645463e-22)	(-2.2924962809e-02 -2.2956285173e-01 1.5592144446e-17)	0
0.9               	k                 	3.5212954329e-07	(9.1435700572e-01 -5.7974167683e-01 0.0000000000e+00)	0	1.0000000000e-02	(5.0000000000e-02 -4.5000000000e-01 0.0000000000e+00)	0
0.9               	p                 	-8.8726268257e-01	(6.1122901918e-02 -3.0938056049e-01 0.0000000000e+00)	0	3.0821086695e-01	(1.3116059987e-02 -3.4613526661e-01 2.2837293958e-17)	0
0.9               	omega             	5.2327125424e+00	(7.5000000000e-01 -7.5000000000e-01 0.0000000000e+00)	0	7.8141746271e+04	(9.6032285300e-01 -6.0048361738e-01 0.0000000000e+00)	0
0.909091          	nut               	0.0000000000e+00	(1.2660827725e-01 -3.1206839053e-01 0.0000000000e+00)	0	9.8374106278e-04	(7.5000000000e-01 -7.5000000000e-01 0.0000000000e+00)	0
0.909091          	U                 	(6.0418461816e-01 -2.1056362579e-01 -1.5581300296e-23)	(1.0500000000e+00 -5.5000000000e-01 0.0000000000e+00)	0	(1.0249871749e+00 1.5567164916e-01 3.0212414996e-22)	(-1.2001927074e-01 -1.5968638820e-01 0.0000000000e+00)	0
0.909091          	k                 	2.9931744799e-07	(9.1395847984e-01 -5.7967794683e-01 0.0000000000e+00)	0	1.0000000000e-02	(5.0000000000e-02 -4.5000000000e-01 0.0000000000e+00)	0
0.909091          	p                 	-8.1128110197e-01	(6.1407997472e-02 -3.0716878344e-01 0.0000000000e+00)	0	3.9413975670e-01	(1.3308739586e-02 -3.4380246583e-01 -1.1418646979e-17)	0
0.909091          	omega             	5.2000659770e+00	(7.5000000000e-01 -7.5000000000e-01 0.0000000000e+00)	0	7.8141746265e+04	(9.5987194192e-01 -6.0053558844e-01 0.0000000000e+00)	0
0.918182          	nut               	0.0000000000e+00	(1.2688160214e-01 -3.1000906793e-01 0.0000000000e+00)	0	9.8512035019e-04	(7.5000000000e-01 -7.5000000000e-01 0.0000000000e+00)	0
0.918182          	U                 	(8.4410767716e-01 -9.0589098115e-02 -9.7671599762e-23)	(3.6054695974e-02 -5.1523921913e-01 0.0000000000e+00)	0	(1.2501027704e+00 3.5164016278e-01 1.4672357015e-22)	(5.0024207992e-02 -2.4598557344e-01 -1.6086030304e-17)	0
0.918182          	k                 	2.5843439784e-07	(9.1355761354e-01 -5.7959406237e-01 0.0000000000e+00)	0	1.0000000000e-02	(5.0000000000e-02 -4.5000000000e-01 0.0000000000e+00)	0
0.918182          	p                 	-8.1744390294e-01	(6.1693825970e-02 -3.0494582090e-01 0.0000000000e+00)	0	3.9090496619e-01	(1.3502767566e-02 -3.4145865679e-01 -1.1418646979e-17)	0
0.918182          	omega             	5.1693020217e+00	(7.5000000000e-01 -7.5000000000e-01 0.0000000000e+00)	0	7.8141746259e+04	(9.5941857746e-01 -6.0056688294e-01 0.0000000000e+00)	0
0.927273          	nut               	0.0000000000e+00	(1.2715524919e-01 -3.0793817180e-01 0.0000000000e+00)	0	9.8576331083e-04	(7.5000000000e-01 -7.5000000000e-01 0.0000000000e+00)	0
0.927273          	U                 	(7.9462505383e-01 -2.3425285747e-01 -1.4427169403e-22)	(1.0798200640e+00 -5.0933016711e-01 8.4962901174e-19)	0	(1.0466843266e+00 1.8972224604e-01 1.4069580701e-22)	(-7.0762752081e-02 -1.6852452804e-01 0.0000000000e+00)	0
0.927273          	k                 	2.5070205934e-07	(9.1315448440e-01 -5.7949004233e-01 0.0000000000e+00)	0	1.0000000000e-02	(5.0000000000e-02 -4.5000000000e-01 0.0000000000e+00)	0
0.927273          	p                 	-6.2963972431e-01	(1.5000000000e-01 -2.5000000000e-01 0.0000000000e+00)	2	9.4268395349e-01	(1.3698104172e-02 -3.3910406683e-01 -1.1418646979e-17)	0
0.927273          	omega             	5.1424037854e+00	(7.5000000000e-01 -7.5000000000e-01 0.0000000000e+00)	0	7.8141746255e+04	(9.5896284536e-01 -6.0057750971e-01 0.0000000000e+00)	0
0.936364          	nut               	0.0000000000e+00	(1.2742917703e-01 -3.0585590416e-01 0.0000000000e+00)	0	9.8583092553e-04	(7.5000000000e-01 -7.5000000000e-01 0.0000000000e+00)	0
0.936364          	U                 	(1.9851508307e-01 -1.1758252352e-01 -4.8949185819e-23)	(1.0185531079e+00 -5.8283484096e-01 0.0000000000e+00)	0	(1.0166206452e+00 1.3185063379e-01 1.6361606225e-22)	(-1.6595452640e-01 -1.3730718387e-01 -3.1224733450e-17)	0
0.936364          	k                 	2.3181365137e-07	(9.1274917225e-01 -5.7936590624e-01 0.0000000000e+00)	0	1.0000000000e-02	(5.0000000000e-02 -4.5000000000e-01 0.0000000000e+00)	0
0.936364          	p                 	-6.2963972431e-01	(1.5000000000e-01 -2.5000000000e-01 0.0000000000e+00)	2	7.4951609006e-01	(1.3894708482e-02 -3.3673892895e-01 1.0450328819e-17)	0
0.936364          	omega             	5.1184911303e+00	(7.5000000000e-01 -7.5000000000e-01 0.0000000000e+00)	0	7.8141746257e+04	(9.5850483386e-01 -6.0056747800e-01 0.0000000000e+00)	0
0.945455          	nut               	0.0000000000e+00	(1.2770334388e-01 -3.0376246670e-01 0.0000000000e+00)	0	9.8337065154e-04	(7.5000000000e-01 -7.5000000000e-01 0.0000000000e+00)	0
0.945455          	U                 	(8.3161197717e-01 -2.7164346046e-01 -6.9507619078e-23)	(9.5000000000e-01 -4.5000000000e-01 0.0000000000e+00)	0	(1.1475769081e+00 4.4440082166e-01 2.5238547912e-22)	(2.0264683154e-02 -2.5594664628e-01 -2.9366576379e-17)	0
0.945455          	k                 	2.1095464398e-07	(9.1234175815e-01 -5.7922167421e-01 0.0000000000e+00)	0	1.0048181540e-02	(1.4975651209e-02 -3.1064381852e-01 0.0000000000e+00)	0
0.945455          	p                 	-6.2963972431e-01	(1.5000000000e-01 -2.5000000000e-01 0.0000000000e+00)	2	7.8776403953e-01	(1.4092538908e-02 -3.3436347588e-01 3.3287622777e-17)	0
0.945455          	omega             	5.1063704571e+00	(7.5000000000e-01 -7.5000000000e-01 0.0000000000e+00)	0	7.8141746255e+04	(9.5804463251e-01 -6.0053679769e-01 0.0000000000e+00)	0
0.954545          	nut               	0.0000000000e+00	(1.2797770757e-01 -3.0165806082e-01 0.0000000000e+00)	0	9.8076429913e-04	(7.5000000000e-01 -7.5000000000e-01 0.0000000000e+00)	0
0.954545          	U                 	(8.2989988173e-01 -2.7149925737e-01 -3.4414462164e-23)	(9.5000000000e-01 -4.5000000000e-01 0.0000000000e+00)	0	(1.3427763243e+00 3.0445248420e-01 1.7815225158e-22)	(7.5652611488e-02 -2.4428530654e-01 0.0000000000e+00)	0
0.954545          	k                 	2.0744884292e-07	(9.1193232433e-01 -5.7905736687e-01 0.0000000000e+00)	0	1.0147649826e-02	(1.5233337555e-02 -3.0826053978e-01 0.0000000000e+00)	0
0.954545          	p                 	-6.2963972431e-01	(1.5000000000e-01 -2.5000000000e-01 0.0000000000e+00)	2	8.0880892584e-01	(1.4291553205e-02 -3.3197794004e-01 -1.0450328819e-17)	0
0.954545          	omega             	5.0949574198e+00	(7.5000000000e-01 -7.5000000000e-01 0.0000000000e+00)	0	7.8141746253e+04	(9.5758233216e-01 -6.0048547924e-01 0.0000000000e+00)	0
0.963636          	nut               	0.0000000000e+00	(1.2825222552e-01 -2.9954288761e-01 0.0000000000e+00)	0	9.7802725794e-04	(7.5000000000e-01 -7.5000000000e-01 0.0000000000e+00)	0
0.963636          	U                 	(8.2927434696e-01 -2.7683943022e-01 -1.1884902678e-22)	(9.8324066037e-01 -4.8109612213e-01 7.2143071309e-18)	0	(1.0251710550e+00 3.2340200763e-01 1.3643646584e-22)	(-2.6825201547e-02 -2.3632035639e-01 1.5966727037e-17)	0
0.963636          	k                 	1.7955443345e-07	(9.1152095426e-01 -5.7887300542e-01 0.0000000000e+00)	0	1.0257488282e-02	(1.5491929332e-02 -3.0586754588e-01 0.0000000000e+00)	0
0.963636          	p                 	-6.2963972431e-01	(1.5000000000e-01 -2.5000000000e-01 0.0000000000e+00)	2	6.3524358967e-01	(1.4491708481e-02 -3.2958255359e-01 1.0450328819e-17)	0
0.963636          	omega             	5.0841765384e+00	(7.5000000000e-01 -7.5000000000e-01 0.0000000000e+00)	0	7.8141746257e+04	(9.5711802492e-01 -6.0041353376e-01 0.0000000000e+00)	0
0.972727          	nut               	0.0000000000e+00	(1.2852685477e-01 -2.9741714783e-01 0.0000000000e+00)	0	9.7518626519e-04	(7.5000000000e-01 -7.5000000000e-01 0.0000000000e+00)	0
0.972727          	U                 	(8.2528057869e-01 -2.7040480651e-01 -8.7901128218e-23)	(9.5000000000e-01 -4.5000000000e-01 0.0000000000e+00)	0	(1.0534573073e+00 1.9214991941e-01 2.5841220252e-22)	(-6.7651899112e-02 -1.5556653691e-01 -3.8449590382e-17)	0
0.972727          	k                 	1.5180090179e-07	(9.1110773255e-01 -5.7866861161e-01 0.0000000000e+00)	0	1.0367257116e-02	(1.5751377050e-02 -3.0346506672e-01 -7.5701208935e-18)	0
0.972727          	p                 	-6.5715090554e-01	(6.3421564237e-02 -2.9138525120e-01 0.0000000000e+00)	0	5.8331391186e-01	(1.4692961200e-02 -3.2717754842e-01 3.4255940936e-17)	0
0.972727          	omega             	5.0739000493e+00	(7.5000000000e-01 -7.5000000000e-01 0.0000000000e+00)	0	7.8141746253e+04	(9.5665180420e-01 -6.0032097295e-01 0.0000000000e+00)	0
0.981818          	nut               	0.0000000000e+00	(1.2880155199e-01 -2.9528104196e-01 0.0000000000e+00)	0	9.7224689519e-04	(7.5000000000e-01 -7.5000000000e-01 0.0000000000e+00)	0
0.981818          	U                 	(8.2291818834e-01 -2.6981441652e-01 -8.3389146396e-23)	(9.5000000000e-01 -4.5000000000e-01 0.0000000000e+00)	0	(1.2706244038e+00 3.4953474906e-01 1.3669034404e-22)	(5.3064020411e-02 -2.2993662221e-01 -3.0473800548e-17)	0
0.981818          	k                 	1.2374459054e-07	(9.1069274498e-01 -5.7844420775e-01 0.0000000000e+00)	0	1.0481886046e-02	(1.6011630596e-02 -3.0105333188e-01 0.0000000000e+00)	0
0.981818          	p                 	-6.4027692628e-01	(6.3711197170e-02 -2.8909005315e-01 0.0000000000e+00)	0	6.1032957294e-01	(1.4895267199e-02 -3.2476315612e-01 0.0000000000e+00)	0
0.981818          	omega             	5.0640447058e+00	(7.5000000000e-01 -7.5000000000e-01 0.0000000000e+00)	0	7.8141746249e+04	(9.5618376462e-01 -6.0020780916e-01 0.0000000000e+00)	0
0.990909          	nut               	0.0000000000e+00	(1.2907627344e-01 -2.9313477016e-01 0.0000000000e+00)	0	9.6921529053e-04	(7.5000000000e-01 -7.5000000000e-01 0.0000000000e+00)	0
0.990909          	U                 	(7.0541371748e-01 -1.0554872947e-01 -8.3427112390e-23)	(2.4918325663e-02 -4.0156644387e-01 -6.6887014223e-17)	0	(1.3425682619e+00 4.7486265752e-01 1.2758399362e-22)	(5.0093223496e-02 -2.5951136801e-01 0.0000000000e+00)	0
0.990909          	k                 	9.9751331794e-08	(9.1027607846e-01 -5.7819981674e-01 0.0000000000e+00)	0	1.0603120250e-02	(1.6272639244e-02 -2.9863257059e-01 0.0000000000e+00)	0
0.990909          	p                 	-6.2963972431e-01	(1.5000000000e-01 -2.5000000000e-01 0.0000000000e+00)	2	7.3501931237e-01	(1.5098581690e-02 -3.2233960798e-01 1.1418646979e-17)	0
0.990909          	omega             	5.0545231767e+00	(7.5000000000e-01 -7.5000000000e-01 0.0000000000e+00)	0	7.8141746244e+04	(9.5571400205e-01 -6.0007405534e-01 0.0000000000e+00)	0
1                 	nut               	0.0000000000e+00	(1.2935097506e-01 -2.9097853230e-01 0.0000000000e+00)	0	9.6626100332e-04	(7.5000000000e-01 -7.5000000000e-01 0.0000000000e+00)	0
1                 	U                 	(8.1668774087e-01 -2.6014712468e-01 -3.1831115380e-23)	(8.5000000000e-01 -4.5000000000e-01 0.0000000000e+00)	0	(1.0131766514e+00 2.2174299489e-01 3.5587602932e-22)	(-8.0920787301e-02 -1.9535792485e-01 -3.0320643330e-17)	0
1                 	k                 	7.8327597361e-08	(9.0985782104e-01 -5.7793546200e-01 0.0000000000e+00)	0	1.0724475980e-02	(1.6534351669e-02 -2.9620301177e-01 -9.9878877389e-18)	0
1                 	p                 	-6.3178038975e-01	(6.4291453117e-02 -2.8447151781e-01 0.0000000000e+00)	0	6.3247127967e-01	(1.5302859273e-02 -3.1990713502e-01 0.0000000000e+00)	0
1                 	omega             	5.0445126577e+00	(7.5000000000e-01 -7.5000000000e-01 0.0000000000e+00)	0	7.8141746239e+04	(9.5524261355e-01 -5.9991972509e-01 0.0000000000e+00)	0
1.0087            	nut               	0.0000000000e+00	(1.2961374194e-01 -2.8890636698e-01 0.0000000000e+00)	0	9.6320485750e-04	(7.5000000000e-01 -7.5000000000e-01 0.0000000000e+00)	0
1.0087            	U                 	(5.9363850048e-01 -1.3491012640e-01 -3.1382165333e-23)	(2.8750183050e-02 -3.6490265149e-01 0.0000000000e+00)	0	(1.1203975156e+00 3.2983090395e-01 1.4304002677e-22)	(6.7389006907e-03 -2.0765156060e-01 -7.2074388051e-18)	0
1.0087            	k                 	6.1129675900e-08	(9.0945623758e-01 -5.7766387447e-01 0.0000000000e+00)	0	1.0841767189e-02	(1.6785361370e-02 -2.9387046157e-01 -3.2698250419e-17)	0
1.0087            	p                 	-6.4833200591e-01	(6.4569410898e-02 -2.8224921809e-01 0.0000000000e+00)	0	6.2119191660e-01	(1.5499165195e-02 -3.1757167951e-01 0.0000000000e+00)	0
1.0087            	omega             	5.0360061869e+00	(7.5000000000e-01 -7.5000000000e-01 0.0000000000e+00)	0	7.8141746235e+04	(9.5479017145e-01 -5.9975282317e-01 0.0000000000e+00)	0
1.01739           	nut               	0.0000000000e+00	(1.2987659161e-01 -2.8682404455e-01 0.0000000000e+00)	0	9.6008123642e-04	(7.5000000000e-01 -7.5000000000e-01 0.0000000000e+00)	0
1.01739           	U                 	(7.4158179568e-01 -1.7525635488e-01 -1.7086847841e-22)	(1.1725414800e+00 -5.4198885815e-01 2.3996798099e-17)	0	(1.1714645603e+00 4.4955807639e-01 1.9204901242e-22)	(2.3380687408e-02 -2.3694377902e-01 0.0000000000e+00)	0
1.01739           	k                 	4.6395268232e-08	(9.0905308050e-01 -5.7737389451e-01 0.0000000000e+00)	0	1.0944593102e-02	(1.7037095261e-02 -2.9152869771e-01 -1.7558008632e-17)	0
1.01739           	p                 	-8.1285927343e-01	(6.4847739408e-02 -2.8001735566e-01 0.0000000000e+00)	0	4.5120755627e-01	(1.5696405853e-02 -3.1522689562e-01 0.0000000000e+00)	0
1.01739           	omega             	5.0277860205e+00	(7.5000000000e-01 -7.5000000000e-01 0.0000000000e+00)	0	7.8141746231e+04	(9.5433610501e-01 -5.9956702194e-01 0.0000000000e+00)	0
1.02609           	nut               	0.0000000000e+00	(1.3013948901e-01 -2.8473173829e-01 0.0000000000e+00)	0	9.5692340526e-04	(7.5000000000e-01 -7.5000000000e-01 0.0000000000e+00)	0
1.02609           	U                 	(7.5700791712e-01 -1.9905911857e-01 -5.2711528298e-23)	(1.1246695807e+00 -5.2681774959e-01 0.0000000000e+00)	0	(1.2846442575e+00 3.4815981138e-01 2.2007662633e-22)	(5.5175236139e-02 -2.1850162677e-01 -1.4387770244e-17)	0
1.02609           	k                 	3.6505587833e-08	(9.0864841984e-01 -5.7706555562e-01 0.0000000000e+00)	0	1.1047590838e-02	(1.7289512508e-02 -2.8917791650e-01 0.0000000000e+00)	0
1.02609           	p                 	-6.2963972431e-01	(1.5000000000e-01 -2.5000000000e-01 0.0000000000e+00)	2	6.5637228220e-01	(1.5894545109e-02 -3.1287298135e-01 0.0000000000e+00)	0
1.02609           	omega             	5.0196962151e+00	(7.5000000000e-01 -7.5000000000e-01 0.0000000000e+00)	0	7.8141746229e+04	(9.5388049148e-01 -5.9936234710e-01 0.0000000000e+00)	0
1.03478           	nut               	0.0000000000e+00	(1.3040239732e-01 -2.8262963296e-01 0.0000000000e+00)	0	9.5375118948e-04	(7.5000000000e-01 -7.5000000000e-01 0.0000000000e+00)	0
1.03478           	U                 	(8.0149602120e-01 -2.5492346783e-01 -1.3703168065e-23)	(8.5000000000e-01 -4.5000000000e-01 0.0000000000e+00)	0	(1.2793714733e+00 4.3703345812e-01 4.0558871215e-23)	(4.3839576969e-02 -2.3216193033e-01 0.0000000000e+00)	0
1.03478           	k                 	2.9338649580e-08	(9.0824232887e-01 -5.7673889330e-01 0.0000000000e+00)	0	1.1150890448e-02	(1.7542570369e-02 -2.8681832719e-01 -5.7826379945e-17)	0
1.03478           	p                 	-6.2963972431e-01	(1.5000000000e-01 -2.5000000000e-01 0.0000000000e+00)	2	7.5221746119e-01	(1.6093545222e-02 -3.1051014769e-01 -2.1868975798e-17)	0
1.03478           	omega             	5.0116524931e+00	(7.5000000000e-01 -7.5000000000e-01 0.0000000000e+00)	0	7.8141746227e+04	(9.5342341162e-01 -5.9913882580e-01 0.0000000000e+00)	0
1.04348           	nut               	0.0000000000e+00	(1.3066527939e-01 -2.8051791309e-01 0.0000000000e+00)	0	9.5058163904e-04	(7.5000000000e-01 -7.5000000000e-01 0.0000000000e+00)	0
1.04348           	U                 	(5.5702306360e-01 -1.9314834794e-01 -8.0921312297e-24)	(1.0500000000e+00 -5.5000000000e-01 0.0000000000e+00)	0	(1.0193078556e+00 2.2541420129e-01 2.8364878158e-22)	(-7.8497703196e-02 -1.8249566393e-01 1.5160321665e-17)	0
1.04348           	k                 	1.9807365278e-08	(9.0783488172e-01 -5.7639394347e-01 0.0000000000e+00)	0	1.1259480693e-02	(1.7796225619e-02 -2.8445013878e-01 0.0000000000e+00)	0
1.04348           	p                 	-6.7288143686e-01	(6.5684537981e-02 -2.7326630096e-01 0.0000000000e+00)	0	6.1679546598e-01	(1.6293367959e-02 -3.0813860542e-01 3.3287622777e-17)	0
1.04348           	omega             	5.0035817508e+00	(7.5000000000e-01 -7.5000000000e-01 0.0000000000e+00)	0	7.8141746225e+04	(9.5296494720e-01 -5.9889648565e-01 0.0000000000e+00)	0
1.05217           	nut               	0.0000000000e+00	(1.3092809782e-01 -2.7839676296e-01 0.0000000000e+00)	0	9.4742884375e-04	(7.5000000000e-01 -7.5000000000e-01 0.0000000000e+00)	0
1.05217           	U                 	(7.3344691984e-01 -1.7492331449e-01 -5.3486483760e-23)	(1.1712258869e+00 -5.4304683659e-01 0.0000000000e+00)	0	(1.1830892418e+00 4.5195624068e-01 8.8875626069e-23)	(2.4890883827e-02 -2.2754867794e-01 4.3725075054e-17)	0
1.05217           	k                 	1.1686257295e-08	(9.0742615341e-01 -5.7603074253e-01 0.0000000000e+00)	0	1.1372173010e-02	(1.8050434562e-02 -2.8207355999e-01 -2.5128129526e-17)	0
1.05217           	p                 	-6.9933090626e-01	(6.5963932927e-02 -2.7099812033e-01 0.0000000000e+00)	0	5.9699499544e-01	(1.6493974604e-02 -3.0575856506e-01 0.0000000000e+00)	0
1.05217           	omega             	4.9954232596e+00	(7.5000000000e-01 -7.5000000000e-01 0.0000000000e+00)	0	7.8141746222e+04	(9.5250518090e-01 -5.9863535480e-01 0.0000000000e+00)	0
1.06087           	nut               	0.0000000000e+00	(1.3119081489e-01 -2.7626636662e-01 0.0000000000e+00)	0	9.4429968134e-04	(7.5000000000e-01 -7.5000000000e-01 0.0000000000e+00)	0
1.06087           	U                 	(7.8918941590e-01 -2.5039912112e-01 -4.5373004653e-23)	(8.5000000000e-01 -4.5000000000e-01 0.0000000000e+00)	0	(1.1297173936e+00 1.8118735284e-01 2.6190656117e-22)	(1.6683439155e-03 -9.8383736506e-02 0.0000000000e+00)	0
1.06087           	k                 	7.7824252588e-09	(9.0701621985e-01 -5.7564932731e-01 0.0000000000e+00)	0	1.1486987062e-02	(1.8305153033e-02 -2.7968879927e-01 -3.2698250419e-17)	0
1.06087           	p                 	-7.0961188042e-01	(6.6243486808e-02 -2.6872135453e-01 0.0000000000e+00)	0	5.9243787710e-01	(1.6695325968e-02 -3.0337023693e-01 2.1868975798e-17)	0
1.06087           	omega             	4.9871519414e+00	(7.5000000000e-01 -7.5000000000e-01 0.0000000000e+00)	0	7.8141746218e+04	(9.5204419635e-01 -5.9835546188e-01 0.0000000000e+00)	0
1.06957           	nut               	0.0000000000e+00	(1.3145339263e-01 -2.7412690786e-01 0.0000000000e+00)	0	9.4118901454e-04	(7.5000000000e-01 -7.5000000000e-01 0.0000000000e+00)	0
1.06957           	U                 	(7.4725805637e-01 -1.9829477775e-01 -1.4288019042e-22)	(1.1231809755e+00 -5.2744911665e-01 0.0000000000e+00)	0	(1.0480876278e+00 3.3590857232e-01 1.3956977619e-22)	(-2.1795553803e-02 -2.0659278866e-01 -3.0391353131e-17)	0
1.06957           	k                 	9.7823079279e-09	(9.0660515780e-01 -5.7524973512e-01 0.0000000000e+00)	0	1.1604852967e-02	(1.8560336410e-02 -2.7729606480e-01 -3.3907133842e-17)	0
1.06957           	p                 	-7.3723909644e-01	(6.6523155784e-02 -2.6643620075e-01 0.0000000000e+00)	0	5.7197488486e-01	(1.6897382388e-02 -3.0097383109e-01 -9.6831815968e-19)	0
1.06957           	omega             	4.9788046528e+00	(7.5000000000e-01 -7.5000000000e-01 0.0000000000e+00)	0	7.8141746214e+04	(9.5158207812e-01 -5.9805683604e-01 0.0000000000e+00)	0
1.07826           	nut               	0.0000000000e+00	(1.3171579277e-01 -2.7197857024e-01 0.0000000000e+00)	0	9.3819985576e-04	(7.5000000000e-01 -7.5000000000e-01 0.0000000000e+00)	0
1.07826           	U                 	(7.8058009606e-01 -2.4705303224e-01 -4.2277666399e-23)	(8.5000000000e-01 -4.5000000000e-01 0.0000000000e+00)	0	(1.3004319714e+00 4.9894886940e-01 5.0505860399e-23)	(4.1748749408e-02 -2.3245829132e-01 -2.2462646897e-17)	0
1.07826           	k                 	1.3227837171e-08	(9.0619304484e-01 -5.7483200371e-01 0.0000000000e+00)	0	1.1723588471e-02	(1.8815939616e-02 -2.7489556449e-01 0.0000000000e+00)	0
1.07826           	p                 	-7.6184402600e-01	(6.6802895639e-02 -2.6414285595e-01 0.0000000000e+00)	0	5.5239344940e-01	(1.7100103745e-02 -2.9856955739e-01 -1.0450328819e-17)	0
1.07826           	omega             	4.9697467084e+00	(7.5000000000e-01 -7.5000000000e-01 0.0000000000e+00)	0	7.8141746210e+04	(9.5111891167e-01 -5.9773950694e-01 0.0000000000e+00)	0
1.08696           	nut               	0.0000000000e+00	(1.3197797679e-01 -2.6982153707e-01 0.0000000000e+00)	0	9.3526459466e-04	(7.5000000000e-01 -7.5000000000e-01 0.0000000000e+00)	0
1.08696           	U                 	(5.3850279669e-01 -1.8517190673e-01 -3.4677704781e-23)	(1.0500000000e+00 -5.5000000000e-01 0.0000000000e+00)	0	(1.0688185296e+00 1.9897441063e-01 2.6376634413e-22)	(-5.9862237803e-02 -1.2215626912e-01 0.0000000000e+00)	0
1.08696           	k                 	1.8271650863e-08	(9.0577995942e-01 -5.7439617129e-01 0.0000000000e+00)	0	1.1843909246e-02	(1.9071917131e-02 -2.7248750599e-01 1.2088834227e-18)	0
1.08696           	p                 	-7.6006493654e-01	(6.7082661793e-02 -2.6184151677e-01 0.0000000000e+00)	0	5.6063416292e-01	(1.7303449461e-02 -2.9615762544e-01 2.3805612117e-17)	0
1.08696           	omega             	4.9603754401e+00	(7.5000000000e-01 -7.5000000000e-01 0.0000000000e+00)	0	7.8141746206e+04	(9.5065478336e-01 -5.9740350471e-01 0.0000000000e+00)	0
1.09565           	nut               	0.0000000000e+00	(1.3223990589e-01 -2.6765599143e-01 0.0000000000e+00)	0	9.3236677667e-04	(7.5000000000e-01 -7.5000000000e-01 0.0000000000e+00)	0
1.09565           	U                 	(7.7193365739e-01 -2.4366042407e-01 -2.2829963418e-23)	(8.5000000000e-01 -4.5000000000e-01 0.0000000000e+00)	0	(1.0992066879e+00 3.9874749526e-01 9.5112659249e-23)	(3.1228995892e-03 -2.0735012390e-01 8.1291093875e-18)	0
1.09565           	k                 	2.2124513455e-08	(9.0536598079e-01 -5.7394227654e-01 0.0000000000e+00)	0	1.1956449952e-02	(1.9328222998e-02 -2.7007209667e-01 -1.5140241787e-17)	0
1.09565           	p                 	-6.2963972431e-01	(1.5000000000e-01 -2.5000000000e-01 0.0000000000e+00)	2	7.1884887554e-01	(1.7507378513e-02 -2.9373824460e-01 -2.1868975798e-17)	0
1.09565           	omega             	4.9508227831e+00	(7.5000000000e-01 -7.5000000000e-01 0.0000000000e+00)	0	7.8141746203e+04	(9.5018978042e-01 -5.9704886003e-01 0.0000000000e+00)	0
1.10435           	nut               	0.0000000000e+00	(1.3250155349e-01 -2.6548201219e-01 0.0000000000e+00)	0	9.2915846547e-04	(7.5000000000e-01 -7.5000000000e-01 0.0000000000e+00)	0
1.10435           	U                 	(5.4277707002e-01 -1.8743776665e-01 -3.8800181768e-23)	(1.0742021685e+00 -5.5070057914e-01 0.0000000000e+00)	0	(1.1172912259e+00 2.3380059803e-01 2.3644406414e-22)	(-1.1455147261e-02 -1.3340596160e-01 0.0000000000e+00)	0
1.10435           	k                 	3.1813737973e-08	(9.0495116919e-01 -5.7347033559e-01 0.0000000000e+00)	0	1.2078473035e-02	(1.9584823079e-02 -2.6764942783e-01 3.2698250419e-17)	0
1.10435           	p                 	-7.8846769551e-01	(6.7642106210e-02 -2.5721552983e-01 0.0000000000e+00)	0	5.4692251602e-01	(1.7711859208e-02 -2.9131150802e-01 2.2837293958e-17)	0
1.10435           	omega             	4.9430883356e+00	(7.5000000000e-01 -7.5000000000e-01 0.0000000000e+00)	0	7.8141746202e+04	(9.4972396872e-01 -5.9667558578e-01 0.0000000000e+00)	0
1.11304           	nut               	0.0000000000e+00	(1.3276301274e-01 -2.6329869179e-01 0.0000000000e+00)	0	9.2582463900e-04	(7.5000000000e-01 -7.5000000000e-01 0.0000000000e+00)	0
1.11304           	U                 	(7.6271093317e-01 -2.3981331138e-01 -1.8681078393e-23)	(8.5000000000e-01 -4.5000000000e-01 0.0000000000e+00)	0	(1.3112907142e+00 3.4565926939e-01 3.0075580273e-22)	(5.9299574898e-02 -1.9540767484e-01 0.0000000000e+00)	0
1.11304           	k                 	4.1188001671e-08	(9.0453539436e-01 -5.7298015250e-01 0.0000000000e+00)	0	1.2197572712e-02	(1.9841800961e-02 -2.6521849106e-01 -7.5701208935e-18)	0
1.11304           	p                 	-7.4382857167e-01	(6.7921848677e-02 -2.5489000129e-01 0.0000000000e+00)	0	5.9177908929e-01	(1.7916953842e-02 -2.8887640720e-01 9.6831815968e-19)	0
1.11304           	omega             	4.9361025581e+00	(7.5000000000e-01 -7.5000000000e-01 0.0000000000e+00)	0	7.8141746198e+04	(9.4925720026e-01 -5.9628352761e-01 0.0000000000e+00)	0
1.12174           	nut               	0.0000000000e+00	(1.3302428252e-01 -2.6110593152e-01 0.0000000000e+00)	0	9.2234997721e-04	(7.5000000000e-01 -7.5000000000e-01 0.0000000000e+00)	0
1.12174           	U                 	(7.5815873326e-01 -2.3789559495e-01 -4.8981498400e-23)	(8.5000000000e-01 -4.5000000000e-01 0.0000000000e+00)	0	(1.0475195202e+00 1.6657349102e-01 1.1414560921e-22)	(-1.0466465705e-01 -9.5125842158e-02 -3.8451584674e-17)	0
1.12174           	k                 	4.9486593674e-08	(8.7583483042e-01 -5.5662850606e-01 0.0000000000e+00)	0	1.2303408021e-02	(2.0099148264e-02 -2.6277917708e-01 -3.2698250419e-17)	0
1.12174           	p                 	-7.8091586631e-01	(6.8201632325e-02 -2.5255568861e-01 0.0000000000e+00)	0	5.5102243157e-01	(1.8122651677e-02 -2.8643283417e-01 9.6831815968e-19)	0
1.12174           	omega             	4.9299547795e+00	(7.5000000000e-01 -7.5000000000e-01 0.0000000000e+00)	0	7.8141746196e+04	(9.4878949375e-01 -5.9587268507e-01 0.0000000000e+00)	0
1.13043           	nut               	0.0000000000e+00	(1.3328532664e-01 -2.5890392577e-01 0.0000000000e+00)	0	9.1872090294e-04	(7.5000000000e-01 -7.5000000000e-01 0.0000000000e+00)	0
1.13043           	U                 	(7.8025144911e-01 -2.5644623734e-01 -2.2817384042e-23)	(9.5000000000e-01 -4.5000000000e-01 0.0000000000e+00)	0	(1.0984496446e+00 1.6320999316e-01 2.2884651938e-22)	(-4.0192105498e-02 -6.2024935825e-02 3.0452853811e-17)	0
1.13043           	k                 	4.6794193747e-08	(8.6431970708e-01 -5.5189902301e-01 0.0000000000e+00)	0	1.2423239253e-02	(2.0356822045e-02 -2.6033170288e-01 -1.7558008632e-17)	0
1.13043           	p                 	-6.2963972431e-01	(1.5000000000e-01 -2.5000000000e-01 0.0000000000e+00)	2	7.7823784768e-01	(1.8328914355e-02 -2.8398100780e-01 -4.4706269755e-17)	0
1.13043           	omega             	4.9247281143e+00	(7.5000000000e-01 -7.5000000000e-01 0.0000000000e+00)	0	7.8141746195e+04	(9.4832093075e-01 -5.9544311098e-01 0.0000000000e+00)	0
1.13913           	nut               	0.0000000000e+00	(1.3354610864e-01 -2.5669286870e-01 0.0000000000e+00)	0	9.1495048257e-04	(7.5000000000e-01 -7.5000000000e-01 0.0000000000e+00)	0
1.13913           	U                 	(7.7738098353e-01 -2.5543734267e-01 -9.1143869213e-23)	(9.5000000000e-01 -4.5000000000e-01 0.0000000000e+00)	0	(1.1231616048e+00 2.3500424717e-01 3.3256120321e-22)	(-9.2542624141e-03 -1.2336744405e-01 3.7679636178e-17)	0
1.13913           	k                 	3.5045385426e-08	(8.6394478825e-01 -5.5126910879e-01 0.0000000000e+00)	0	1.2537152112e-02	(2.0614778961e-02 -2.5787628522e-01 0.0000000000e+00)	0
1.13913           	p                 	-8.5259247775e-01	(6.8761154951e-02 -2.4786153767e-01 0.0000000000e+00)	0	4.9681728952e-01	(1.8535703117e-02 -2.8152114674e-01 1.1418646979e-17)	0
1.13913           	omega             	4.9204055690e+00	(7.5000000000e-01 -7.5000000000e-01 0.0000000000e+00)	0	7.8141746193e+04	(9.4785159358e-01 -5.9499485857e-01 0.0000000000e+00)	0
1.14783           	nut               	0.0000000000e+00	(1.3380659183e-01 -2.5447295428e-01 0.0000000000e+00)	0	9.1106452231e-04	(7.5000000000e-01 -7.5000000000e-01 0.0000000000e+00)	0
1.14783           	U                 	(7.9104231608e-01 -1.4586885934e-01 -6.6310960864e-23)	(8.7339248043e-02 -4.0762405034e-01 0.0000000000e+00)	0	(1.2265116218e+00 2.3763036258e-01 7.4011452661e-23)	(5.4331540704e-02 -1.3026441126e-01 3.0431371092e-17)	0
1.14783           	k                 	2.1359573493e-08	(8.6356912961e-01 -5.5062161773e-01 0.0000000000e+00)	0	1.2647807190e-02	(2.0872975280e-02 -2.5541314059e-01 -3.2698250419e-17)	0
1.14783           	p                 	-6.2963972431e-01	(1.5000000000e-01 -2.5000000000e-01 0.0000000000e+00)	2	7.4490681732e-01	(1.8742978800e-02 -2.7905346943e-01 1.1418646979e-17)	0
1.14783           	omega             	4.9167646815e+00	(7.5000000000e-01 -7.5000000000e-01 0.0000000000e+00)	0	7.8141746192e+04	(9.4738156537e-01 -5.9452798157e-01 0.0000000000e+00)	0
1.15652           	nut               	0.0000000000e+00	(1.3406673930e-01 -2.5224437623e-01 0.0000000000e+00)	0	9.0694945553e-04	(7.5000000000e-01 -7.5000000000e-01 0.0000000000e+00)	0
1.15652           	U                 	(7.3908269665e-01 -2.2949764814e-01 -2.0187275566e-23)	(8.5000000000e-01 -4.5000000000e-01 0.0000000000e+00)	0	(1.1258030293e+00 2.3577824001e-01 3.1907643623e-22)	(-8.1593776924e-03 -1.1830653065e-01 0.0000000000e+00)	0
1.15652           	k                 	1.3339892496e-08	(8.6319280083e-01 -5.4995661781e-01 0.0000000000e+00)	0	1.2759462940e-02	(2.1131366886e-02 -2.5294248523e-01 3.2698250419e-17)	0
1.15652           	p                 	-6.8137261221e-01	(6.9320334415e-02 -2.4313472820e-01 0.0000000000e+00)	0	6.8288410521e-01	(1.8950701850e-02 -2.7657819408e-01 3.3287622777e-17)	0
1.15652           	omega             	4.9143555761e+00	(7.5000000000e-01 -7.5000000000e-01 0.0000000000e+00)	0	7.8141746189e+04	(9.4691093001e-01 -5.9404253417e-01 0.0000000000e+00)	0
1.16522           	nut               	0.0000000000e+00	(1.3432651389e-01 -2.5000732806e-01 0.0000000000e+00)	0	9.0237093744e-04	(7.5000000000e-01 -7.5000000000e-01 0.0000000000e+00)	0
1.16522           	U                 	(7.3424783150e-01 -2.2732257512e-01 -1.6311498414e-23)	(8.5000000000e-01 -4.5000000000e-01 0.0000000000e+00)	0	(1.0788548897e+00 2.0287645914e-01 1.4753861224e-22)	(-5.4588921821e-02 -9.8618235178e-02 0.0000000000e+00)	0
1.16522           	k                 	1.0144235232e-08	(8.6281587228e-01 -5.4927417741e-01 0.0000000000e+00)	0	1.2869154685e-02	(2.1389909287e-02 -2.5046453516e-01 -8.7790043162e-18)	0
1.16522           	p                 	-7.5232649283e-01	(6.9599687926e-02 -2.4075959142e-01 0.0000000000e+00)	0	6.1574083636e-01	(1.9158832326e-02 -2.7409553870e-01 -1.1418646979e-17)	0
1.16522           	omega             	4.9145147702e+00	(7.5000000000e-01 -7.5000000000e-01 0.0000000000e+00)	0	7.8141746186e+04	(9.4643977215e-01 -5.9353857104e-01 0.0000000000e+00)	0
1.17391           	nut               	0.0000000000e+00	(1.3458587825e-01 -2.4776200308e-01 0.0000000000e+00)	0	8.9734208388e-04	(7.5000000000e-01 -7.5000000000e-01 0.0000000000e+00)	0
1.17391           	U                 	(4.9789506541e-01 -1.6626383525e-01 -9.4165050381e-24)	(1.0500000000e+00 -5.5000000000e-01 0.0000000000e+00)	0	(1.2234992858e+00 4.6018275250e-01 1.5052131918e-22)	(3.0155954977e-02 -1.9368974006e-01 -4.3725075054e-17)	0
1.17391           	k                 	1.1514139012e-08	(8.6243841492e-01 -5.4857436527e-01 0.0000000000e+00)	0	1.2979837737e-02	(2.1648557619e-02 -2.4797950613e-01 1.7558008632e-17)	0
1.17391           	p                 	-7.7520693852e-01	(6.9878825990e-02 -2.3837690740e-01 0.0000000000e+00)	0	5.9969499604e-01	(1.9367329908e-02 -2.7160572107e-01 1.1418646979e-17)	0
1.17391           	omega             	4.9172412707e+00	(7.5000000000e-01 -7.5000000000e-01 0.0000000000e+00)	0	7.8141746184e+04	(9.4596817720e-01 -5.9301614728e-01 0.0000000000e+00)	0
1.18261           	nut               	0.0000000000e+00	(1.3484479478e-01 -2.4550859436e-01 0.0000000000e+00)	0	8.9186682037e-04	(7.5000000000e-01 -7.5000000000e-01 0.0000000000e+00)	0
1.18261           	U                 	(7.2443501877e-01 -2.2280345989e-01 -7.0593239890e-23)	(8.5000000000e-01 -4.5000000000e-01 0.0000000000e+00)	0	(1.0382079528e+00 2.3890407249e-01 2.2463186178e-22)	(-7.0758902966e-02 -1.4022500548e-01 1.5868393387e-17)	0
1.18261           	k                 	1.5216359540e-08	(8.6206050040e-01 -5.4785725054e-01 0.0000000000e+00)	0	1.3094130860e-02	(2.1907266658e-02 -2.4548761364e-01 -2.5128129526e-17)	0
1.18261           	p                 	-7.6755962536e-01	(7.0157704758e-02 -2.3598688143e-01 0.0000000000e+00)	0	6.1523367793e-01	(1.9576153904e-02 -2.6910895877e-01 1.2386965138e-17)	0
1.18261           	omega             	4.9225863806e+00	(7.5000000000e-01 -7.5000000000e-01 0.0000000000e+00)	0	7.8141746183e+04	(9.4549623127e-01 -5.9247531850e-01 0.0000000000e+00)	0
1.1913            	nut               	0.0000000000e+00	(1.3510322569e-01 -2.4324729480e-01 0.0000000000e+00)	0	8.8594898985e-04	(7.5000000000e-01 -7.5000000000e-01 0.0000000000e+00)	0
1.1913            	U                 	(5.2683341715e-01 -1.8323700141e-01 -3.8470069577e-23)	(1.0235775518e+00 -5.3123022084e-01 3.0412202406e-17)	0	(1.0203869736e+00 1.9107878919e-01 1.5903927157e-22)	(-1.1714564631e-01 -1.2009000880e-01 0.0000000000e+00)	0
1.1913            	k                 	2.0021773925e-08	(8.6168220096e-01 -5.4712290272e-01 0.0000000000e+00)	0	1.3204912261e-02	(2.2165990824e-02 -2.4298907297e-01 0.0000000000e+00)	0
1.1913            	p                 	-8.3741487084e-01	(7.0436280091e-02 -2.3358971854e-01 0.0000000000e+00)	0	5.4686366107e-01	(1.9785263257e-02 -2.6660546915e-01 -9.6831815968e-19)	0
1.1913            	omega             	4.9306113193e+00	(7.5000000000e-01 -7.5000000000e-01 0.0000000000e+00)	0	7.8141746180e+04	(9.4502402122e-01 -5.9191614072e-01 0.0000000000e+00)	0
1.2               	nut               	0.0000000000e+00	(1.3536113298e-01 -2.4097829705e-01 0.0000000000e+00)	0	8.7959195199e-04	(7.5000000000e-01 -7.5000000000e-01 0.0000000000e+00)	0
1.2               	U                 	(7.5592363825e-01 -2.4685826195e-01 -4.6036007929e-24)	(9.5000000000e-01 -4.5000000000e-01 0.0000000000e+00)	0	(1.0831266698e+00 2.0514224863e-01 4.1029656649e-22)	(-5.2272283124e-02 -8.8003134183e-02 1.5611131246e-17)	0
1.2               	k                 	1.9222770549e-08	(8.1110937216e-01 -5.2023325562e-01 0.0000000000e+00)	0	1.3325712745e-02	(2.2424684188e-02 -2.4048409912e-01 0.0000000000e+00)	0
1.2               	p                 	-9.0784655814e-01	(7.0714507562e-02 -2.3118562355e-01 0.0000000000e+00)	0	4.9016368855e-01	(1.9994616551e-02 -2.6409546935e-01 -3.3287622777e-17)	0
1.2               	omega             	4.9413878185e+00	(7.5000000000e-01 -7.5000000000e-01 0.0000000000e+00)	0	7.8141746179e+04	(9.4455163458e-01 -5.9133867047e-01 0.0000000000e+00)	0
1.20833           	nut               	0.0000000000e+00	(1.3560782688e-01 -2.3879627194e-01 0.0000000000e+00)	0	8.7277510116e-04	(7.5000000000e-01 -7.5000000000e-01 0.0000000000e+00)	0
1.20833           	U                 	(4.8131829251e-01 -1.5753907119e-01 -2.0202877306e-23)	(1.0500000000e+00 -5.5000000000e-01 0.0000000000e+00)	0	(1.0414250693e+00 2.4180298089e-01 3.0559251011e-22)	(-6.9341052516e-02 -1.3224360210e-01 1.4452249943e-17)	0
1.20833           	k                 	1.2608869729e-08	(8.1079839547e-01 -5.1939689688e-01 0.0000000000e+00)	0	1.3439730802e-02	(2.2672586731e-02 -2.3807708386e-01 2.4177668454e-18)	0
1.20833           	p                 	-8.9203436530e-01	(7.0980838630e-02 -2.2887482936e-01 0.0000000000e+00)	0	5.0625828144e-01	(2.0195485522e-02 -2.6168356607e-01 2.2837293958e-17)	0
1.20833           	omega             	4.9559886645e+00	(7.5000000000e-01 -7.5000000000e-01 0.0000000000e+00)	0	7.8141746176e+04	(9.4409873742e-01 -5.9076801330e-01 0.0000000000e+00)	0
1.21667           	nut               	0.0000000000e+00	(1.3585413284e-01 -2.3660611344e-01 0.0000000000e+00)	0	8.6562698042e-04	(7.5000000000e-01 -7.5000000000e-01 0.0000000000e+00)	0
1.21667           	U                 	(7.4701429804e-01 -2.4291296101e-01 -2.3945108240e-23)	(1.0241681246e+00 -4.9046531621e-01 0.0000000000e+00)	0	(1.0496842572e+00 3.0298598708e-01 1.3464812717e-22)	(-3.8232405079e-02 -1.5464365882e-01 -3.0424174419e-17)	0
1.21667           	k                 	1.0541007273e-08	(8.1048697869e-01 -5.1854500389e-01 0.0000000000e+00)	0	1.3536209455e-02	(2.2920540774e-02 -2.3566299054e-01 0.0000000000e+00)	0
1.21667           	p                 	-7.2911895296e-01	(7.1246944606e-02 -2.2655654326e-01 0.0000000000e+00)	0	6.6322174094e-01	(2.0396635780e-02 -2.5926451456e-01 0.0000000000e+00)	0
1.21667           	omega             	4.9728448481e+00	(7.5000000000e-01 -7.5000000000e-01 0.0000000000e+00)	0	7.8141746175e+04	(9.4364553872e-01 -5.9018029764e-01 0.0000000000e+00)	0
1.225             	nut               	0.0000000000e+00	(1.3610002085e-01 -2.3440798299e-01 0.0000000000e+00)	0	8.5832600246e-04	(7.5000000000e-01 -7.5000000000e-01 0.0000000000e+00)	0
1.225             	U                 	(4.0570887749e-01 -1.2886678200e-01 -8.6909988857e-23)	(1.0995616313e+00 -5.7232761282e-01 0.0000000000e+00)	0	(1.1528479573e+00 1.8364648265e-01 2.5529080767e-22)	(1.3910328954e-02 -5.1410770497e-02 0.0000000000e+00)	0
1.225             	k                 	9.4902382923e-09	(8.1017517291e-01 -5.1767764960e-01 0.0000000000e+00)	0	1.3634775303e-02	(2.3168509851e-02 -2.3324199798e-01 -7.5701208935e-18)	0
1.225             	p                 	-6.2963972431e-01	(1.5000000000e-01 -2.5000000000e-01 0.0000000000e+00)	2	1.1549659923e+00	(1.0500000000e+00 -6.5000000000e-01 0.0000000000e+00)	0
1.225             	omega             	4.9909753134e+00	(7.5000000000e-01 -7.5000000000e-01 0.0000000000e+00)	0	7.8141746176e+04	(9.4319210807e-01 -5.8957557990e-01 0.0000000000e+00)	0
1.23333           	nut               	0.0000000000e+00	(1.3634545903e-01 -2.3220205668e-01 0.0000000000e+00)	0	8.5130055084e-04	(7.5000000000e-01 -7.5000000000e-01 0.0000000000e+00)	0
1.23333           	U                 	(7.0526507895e-01 -1.8845543035e-01 -7.5359359187e-23)	(1.1170461797e+00 -5.2532632495e-01 -1.5997860831e-17)	0	(1.2534380722e+00 3.6557913295e-01 1.5124362807e-22)	(4.1577113646e-02 -1.5316189684e-01 0.0000000000e+00)	0
1.23333           	k                 	1.1222214399e-08	(8.0986303179e-01 -5.1679491294e-01 0.0000000000e+00)	0	1.3732462871e-02	(2.3416455529e-02 -2.3081430119e-01 -1.5140241787e-17)	0
1.23333           	p                 	-7.6941162867e-01	(7.1778338520e-02 -2.2189819425e-01 0.0000000000e+00)	0	6.3495185946e-01	(2.0799646645e-02 -2.5440570522e-01 -3.3287622777e-17)	0
1.23333           	omega             	5.0079973476e+00	(7.5000000000e-01 -7.5000000000e-01 0.0000000000e+00)	0	7.8141746173e+04	(9.4273851869e-01 -5.8895392071e-01 0.0000000000e+00)	0
1.24167           	nut               	0.0000000000e+00	(1.3659041535e-01 -2.2998851046e-01 0.0000000000e+00)	0	8.4497606674e-04	(7.5000000000e-01 -7.5000000000e-01 0.0000000000e+00)	0
1.24167           	U                 	(7.4027010423e-01 -2.4010825849e-01 -6.6379903013e-24)	(9.5000000000e-01 -4.5000000000e-01 0.0000000000e+00)	0	(1.1747199363e+00 3.4405783149e-01 1.0777850658e-22)	(1.8650916980e-02 -1.4172274759e-01 1.4414877610e-17)	0
1.24167           	k                 	1.3618759134e-08	(8.0955060943e-01 -5.1589687310e-01 0.0000000000e+00)	0	1.3836510750e-02	(2.3664339099e-02 -2.2838009496e-01 -3.2698250419e-17)	0
1.24167           	p                 	-1.0626674722e+00	(7.2043551789e-02 -2.1955850390e-01 0.0000000000e+00)	0	3.5067880072e-01	(2.1001437735e-02 -2.5196634072e-01 2.2837293958e-17)	0
1.24167           	omega             	5.0213548269e+00	(7.5000000000e-01 -7.5000000000e-01 0.0000000000e+00)	0	7.8141746172e+04	(9.4228484435e-01 -5.8831538109e-01 0.0000000000e+00)	0
1.25              	nut               	0.0000000000e+00	(1.3683485760e-01 -2.2776752010e-01 0.0000000000e+00)	0	8.3949209090e-04	(7.5000000000e-01 -7.5000000000e-01 0.0000000000e+00)	0
1.25              	U                 	(5.2601290832e-01 -1.7388781565e-01 -6.0105951380e-23)	(9.5122144963e-01 -5.0108368757e-01 0.0000000000e+00)	0	(1.2787094240e+00 6.2816212487e-01 6.3856272855e-23)	(3.2605532018e-02 -1.9180089158e-01 7.6959986753e-19)	0
1.25              	k                 	1.6951601203e-08	(8.0923796038e-01 -5.1498360952e-01 0.0000000000e+00)	0	1.3944190809e-02	(2.3912121578e-02 -2.2593957390e-01 -1.7558008632e-17)	0
1.25              	p                 	-9.6356171000e-01	(7.2308392446e-02 -2.1721205103e-01 0.0000000000e+00)	0	4.5385164427e-01	(2.1203372447e-02 -2.4952059828e-01 0.0000000000e+00)	0
1.25              	omega             	5.0300922755e+00	(7.5000000000e-01 -7.5000000000e-01 0.0000000000e+00)	0	7.8141746171e+04	(9.4183115940e-01 -5.8766002241e-01 0.0000000000e+00)	0
1.25833           	nut               	0.0000000000e+00	(1.3707875343e-01 -2.2553926120e-01 0.0000000000e+00)	0	8.3485189931e-04	(7.5000000000e-01 -7.5000000000e-01 0.0000000000e+00)	0
1.25833           	U                 	(5.0117017499e-01 -1.3866263348e-01 -1.1876269159e-23)	(8.5000000000e-01 -4.5000000000e-01 0.0000000000e+00)	0	(1.2497925708e+00 4.6591681869e-01 1.4229475881e-22)	(3.3753670725e-02 -1.6938460167e-01 -2.2512116556e-17)	0
1.25833           	k                 	1.8449422769e-08	(8.0892513958e-01 -5.1405520192e-01 0.0000000000e+00)	0	1.4051303795e-02	(2.4159763717e-02 -2.2349293243e-01 0.0000000000e+00)	0
1.25833           	p                 	-7.1970771986e-01	(7.2572822601e-02 -2.1485902145e-01 0.0000000000e+00)	0	6.9889782435e-01	(2.1405415325e-02 -2.4706867415e-01 0.0000000000e+00)	0
1.25833           	omega             	5.0340882617e+00	(7.5000000000e-01 -7.5000000000e-01 0.0000000000e+00)	0	7.8141746171e+04	(9.4137753871e-01 -5.8698790642e-01 0.0000000000e+00)	0
1.26667           	nut               	0.0000000000e+00	(1.3732207031e-01 -2.2330390920e-01 0.0000000000e+00)	0	8.3095507424e-04	(7.5000000000e-01 -7.5000000000e-01 0.0000000000e+00)	0
1.26667           	U                 	(7.3091740449e-01 -2.3612408187e-01 -1.5156738850e-23)	(9.5000000000e-01 -4.5000000000e-01 0.0000000000e+00)	0	(1.2620555288e+00 3.6652534722e-01 2.9922380054e-22)	(4.3169577896e-02 -1.4353114237e-01 -3.8363349618e-17)	0
1.26667           	k                 	2.4498932269e-08	(8.0861220244e-01 -5.1311173027e-01 0.0000000000e+00)	0	1.4167785804e-02	(2.4407226005e-02 -2.2104036477e-01 0.0000000000e+00)	0
1.26667           	p                 	-1.0112387593e+00	(7.2836804152e-02 -2.1249960076e-01 0.0000000000e+00)	0	4.1966664355e-01	(2.1607530641e-02 -2.4461076439e-01 -1.0450328819e-17)	0
1.26667           	omega             	5.0338773375e+00	(7.5000000000e-01 -7.5000000000e-01 0.0000000000e+00)	0	7.8141746174e+04	(9.4092405766e-01 -5.8629909522e-01 0.0000000000e+00)	0
1.275             	nut               	0.0000000000e+00	(1.3756477559e-01 -2.2106163939e-01 0.0000000000e+00)	0	8.3432987628e-04	(4.5000000000e-01 -6.5000000000e-01 0.0000000000e+00)	0
1.275             	U                 	(4.5025706218e-01 -1.4117428518e-01 -1.7097375799e-23)	(1.0500000000e+00 -5.5000000000e-01 0.0000000000e+00)	0	(1.0489250601e+00 2.4841992328e-01 3.1993282015e-22)	(-6.5698221327e-02 -1.1132710199e-01 -2.3094518359e-17)	0
1.275             	k                 	3.2680470367e-08	(8.0829920473e-01 -5.1215327482e-01 0.0000000000e+00)	0	1.4288565101e-02	(2.4654468675e-02 -2.1858206495e-01 -9.9878877389e-18)	0
1.275             	p                 	-1.0328242909e+00	(7.3100298786e-02 -2.1013397438e-01 0.0000000000e+00)	0	4.0234064352e-01	(2.1809682406e-02 -2.4214706492e-01 0.0000000000e+00)	0
1.275             	omega             	5.0300674833e+00	(7.5000000000e-01 -7.5000000000e-01 0.0000000000e+00)	0	7.8141746171e+04	(9.4047079217e-01 -5.8559365126e-01 0.0000000000e+00)	0
1.28333           	nut               	0.0000000000e+00	(1.3780683646e-01 -2.1881262687e-01 0.0000000000e+00)	0	8.5179835688e-04	(4.5000000000e-01 -6.5000000000e-01 0.0000000000e+00)	0
1.28333           	U                 	(4.4643196608e-01 -1.3909078608e-01 -2.9198192106e-23)	(1.0500000000e+00 -5.5000000000e-01 0.0000000000e+00)	0	(1.1158817782e+00 1.6914333474e-01 2.1304133521e-22)	(-2.8370111846e-02 -1.5733878615e-02 0.0000000000e+00)	0
1.28333           	k                 	4.2096382165e-08	(7.6357835590e-01 -4.8737593444e-01 0.0000000000e+00)	0	1.4409382807e-02	(2.4901451709e-02 -2.1611822682e-01 0.0000000000e+00)	0
1.28333           	p                 	-1.1201131666e+00	(7.3363267989e-02 -2.0776232756e-01 0.0000000000e+00)	0	3.1705072886e-01	(2.2011834369e-02 -2.3967777147e-01 0.0000000000e+00)	0
1.28333           	omega             	4.9550418079e+00	(4.5000000000e-01 -6.5000000000e-01 0.0000000000e+00)	0	7.8141746169e+04	(9.4001781867e-01 -5.8487163737e-01 0.0000000000e+00)	0
1.29167           	nut               	0.0000000000e+00	(1.3804821996e-01 -2.1655704662e-01 0.0000000000e+00)	0	8.6878056943e-04	(4.5000000000e-01 -6.5000000000e-01 0.0000000000e+00)	0
1.29167           	U                 	(6.8949315570e-01 -1.8242442825e-01 -7.7948744723e-23)	(1.1147137011e+00 -5.2285800662e-01 -1.5997860831e-17)	0	(1.0284043428e+00 2.0030277362e-01 1.9458315762e-22)	(-1.1124156373e-01 -8.7515137668e-02 -1.5996587366e-17)	0
1.29167           	k                 	2.6031980892e-08	(7.6331052061e-01 -4.8630377986e-01 0.0000000000e+00)	0	1.4529471073e-02	(2.5148134848e-02 -2.1364904403e-01 9.9878877389e-18)	0
1.29167           	p                 	-8.1133271811e-01	(7.3625673044e-02 -2.0538484536e-01 0.0000000000e+00)	0	6.3020035098e-01	(2.2213950031e-02 -2.3720307961e-01 3.3287622777e-17)	0
1.29167           	omega             	4.8490798261e+00	(4.5000000000e-01 -6.5000000000e-01 0.0000000000e+00)	0	7.8141746168e+04	(9.3956521407e-01 -5.8413311671e-01 0.0000000000e+00)	0
1.3               	nut               	0.0000000000e+00	(1.3828889300e-01 -2.1429507343e-01 0.0000000000e+00)	0	1.3577942021e-03	(5.0000000000e-02 -5.0000000000e-02 -3.0454034356e-17)	2
1.3               	U                 	(7.1716234688e-01 -2.2960105820e-01 -1.7843546767e-23)	(9.5000000000e-01 -4.5000000000e-01 0.0000000000e+00)	0	(1.0941914649e+00 2.1136490809e-01 3.9842115605e-22)	(-4.5736396214e-02 -5.6997927165e-02 2.3994934601e-17)	0
1.3               	k                 	2.2324549044e-08	(7.6304269184e-01 -4.8521745262e-01 0.0000000000e+00)	0	1.4635854082e-02	(2.5394477589e-02 -2.1117471007e-01 1.7558008632e-17)	0
1.3               	p                 	-7.6530967470e-01	(7.3887475045e-02 -2.0300171263e-01 0.0000000000e+00)	0	6.7167173537e-01	(2.2415992642e-02 -2.3472318476e-01 0.0000000000e+00)	0
1.3               	omega             	3.2031701972e+00	(5.0000000000e-02 -5.0000000000e-02 -3.0454034356e-17)	2	7.8141746166e+04	(9.3911305575e-01 -5.8337815282e-01 0.0000000000e+00)	0
1.30833           	nut               	0.0000000000e+00	(1.3852887947e-01 -2.1202635354e-01 0.0000000000e+00)	0	9.0068236268e-04	(4.5000000000e-01 -6.5000000000e-01 0.0000000000e+00)	0
1.30833           	U                 	(7.0390738527e-01 -2.1137627734e-01 -3.9526120401e-23)	(1.0676644932e+00 -5.0329254879e-01 -1.4454872577e-17)	0	(1.3025090324e+00 6.3321239637e-01 6.3650960794e-23)	(3.4787743440e-02 -1.7467494963e-01 3.7347412260e-17)	0
1.30833           	k                 	2.0324413808e-08	(7.6277485632e-01 -4.8411678904e-01 0.0000000000e+00)	0	1.4741812713e-02	(2.5640497813e-02 -2.0869483960e-01 2.5128129526e-17)	0
1.30833           	p                 	-6.9595598186e-01	(7.4148697100e-02 -2.0061255704e-01 0.0000000000e+00)	0	7.5159623951e-01	(2.2617973360e-02 -2.3223770218e-01 -1.1418646979e-17)	0
1.30833           	omega             	4.6597833766e+00	(4.5000000000e-01 -6.5000000000e-01 0.0000000000e+00)	0	7.8141746166e+04	(9.3866131395e-01 -5.8260663693e-01 0.0000000000e+00)	0
1.31667           	nut               	0.0000000000e+00	(1.3876824876e-01 -2.0975012969e-01 0.0000000000e+00)	0	9.0252093693e-04	(4.5000000000e-01 -6.5000000000e-01 0.0000000000e+00)	0
1.31667           	U                 	(6.6338884849e-01 -1.5846873837e-01 -8.0961463600e-23)	(1.1600349240e+00 -5.4031559912e-01 -2.3996798099e-17)	0	(1.0975667783e+00 3.6385871459e-01 2.2555896347e-22)	(-1.0199089353e-02 -1.3323327525e-01 -7.2123130469e-18)	0
1.31667           	k                 	2.4120210467e-08	(7.6250694930e-01 -4.8300143920e-01 0.0000000000e+00)	0	1.4833379500e-02	(2.5886260395e-02 -2.0620860440e-01 0.0000000000e+00)	0
1.31667           	p                 	-9.4588151205e-01	(7.4409411985e-02 -1.9821658030e-01 0.0000000000e+00)	0	4.9500222499e-01	(2.2819942120e-02 -2.2974580315e-01 -2.2837293958e-17)	0
1.31667           	omega             	4.6389553582e+00	(4.5000000000e-01 -6.5000000000e-01 0.0000000000e+00)	0	7.8141746166e+04	(9.3820987241e-01 -5.8181833516e-01 0.0000000000e+00)	0
1.325             	nut               	0.0000000000e+00	(1.3900697181e-01 -2.0746656770e-01 0.0000000000e+00)	0	9.0284471480e-04	(4.5000000000e-01 -6.5000000000e-01 0.0000000000e+00)	0
1.325             	U                 	(7.0038829292e-01 -2.1036287682e-01 -9.5885782520e-23)	(1.0670553986e+00 -5.0217846530e-01 2.3381566888e-17)	0	(1.1505692788e+00 2.4255989190e-01 2.5854752909e-22)	(2.1663354387e-03 -6.8031080575e-02 0.0000000000e+00)	0
1.325             	k                 	2.2550463858e-08	(7.6223901557e-01 -4.8187149538e-01 0.0000000000e+00)	0	1.4929163935e-02	(2.6131729456e-02 -2.0371618615e-01 -1.7558008632e-17)	0
1.325             	p                 	-8.5716303290e-01	(7.4669585399e-02 -1.9581395673e-01 0.0000000000e+00)	0	5.9557248732e-01	(2.3021866222e-02 -2.2724767108e-01 0.0000000000e+00)	0
1.325             	omega             	4.6247575097e+00	(4.5000000000e-01 -6.5000000000e-01 0.0000000000e+00)	0	7.8141746168e+04	(9.3775879983e-01 -5.8101332029e-01 0.0000000000e+00)	0
1.33333           	nut               	0.0000000000e+00	(1.3924501750e-01 -2.0517585130e-01 0.0000000000e+00)	0	9.0212386281e-04	(4.5000000000e-01 -6.5000000000e-01 0.0000000000e+00)	0
1.33333           	U                 	(7.0480954225e-01 -2.2369064747e-01 -5.8709098290e-23)	(9.5000000000e-01 -4.5000000000e-01 0.0000000000e+00)	0	(1.0554065196e+00 2.5217201844e-01 2.1285470165e-22)	(-6.2563434993e-02 -9.2788738528e-02 0.0000000000e+00)	0
1.33333           	k                 	1.7325421378e-08	(7.6197110238e-01 -4.8072705872e-01 0.0000000000e+00)	0	1.5020062447e-02	(2.6376866903e-02 -2.0121778615e-01 0.0000000000e+00)	0
1.33333           	p                 	-1.1176391415e+00	(7.4929180750e-02 -1.9340487955e-01 0.0000000000e+00)	0	3.3344807985e-01	(2.3223711104e-02 -2.2474350911e-01 4.4706269755e-17)	0
1.33333           	omega             	4.6148778346e+00	(4.5000000000e-01 -6.5000000000e-01 0.0000000000e+00)	0	7.8141746169e+04	(9.3730816900e-01 -5.8019167144e-01 0.0000000000e+00)	0
1.34167           	nut               	0.0000000000e+00	(1.3948235457e-01 -2.0287816411e-01 0.0000000000e+00)	0	9.0034362252e-04	(4.5000000000e-01 -6.5000000000e-01 0.0000000000e+00)	0
1.34167           	U                 	(3.0207626247e-01 -8.2689870351e-02 -6.1515260009e-24)	(1.0500000000e+00 -5.5000000000e-01 0.0000000000e+00)	0	(1.1593390031e+00 4.2286466885e-01 2.8603457890e-22)	(1.4097075661e-02 -1.3515423328e-01 -1.4842128201e-17)	0
1.34167           	k                 	1.4275557621e-08	(7.6170325734e-01 -4.7956823053e-01 0.0000000000e+00)	0	1.5119302284e-02	(2.6621634428e-02 -1.9871360554e-01 3.2698250419e-17)	0
1.34167           	p                 	-8.2705740004e-01	(7.5188161264e-02 -1.9098954181e-01 0.0000000000e+00)	0	6.3677079901e-01	(2.3425441978e-02 -2.2223352022e-01 0.0000000000e+00)	0
1.34167           	omega             	4.6094124077e+00	(4.5000000000e-01 -6.5000000000e-01 0.0000000000e+00)	0	7.8141746169e+04	(9.3685805316e-01 -5.7935346800e-01 0.0000000000e+00)	0
1.35              	nut               	0.0000000000e+00	(1.3971895164e-01 -2.0057368958e-01 0.0000000000e+00)	0	8.9762966564e-04	(4.5000000000e-01 -6.5000000000e-01 0.0000000000e+00)	0
1.35              	U                 	(7.5650119333e-01 -2.4831466803e-01 -9.1739412320e-23)	(9.2749869237e-01 -4.4307189144e-01 1.4427247280e-17)	0	(1.1006205347e+00 2.1274184384e-01 2.7735094542e-22)	(-4.2553879611e-02 -4.1249133155e-02 0.0000000000e+00)	0
1.35              	k                 	1.2622924304e-08	(7.6143552834e-01 -4.7839511237e-01 0.0000000000e+00)	0	1.5218078908e-02	(2.6865993508e-02 -1.9620384528e-01 1.7558008632e-17)	0
1.35              	p                 	-7.7131486184e-01	(7.5446489999e-02 -1.8856813640e-01 0.0000000000e+00)	0	6.9290233257e-01	(2.3627023837e-02 -2.1971790721e-01 1.0450328819e-17)	0
1.35              	omega             	4.6078162191e+00	(4.5000000000e-01 -6.5000000000e-01 0.0000000000e+00)	0	7.8141746168e+04	(9.3640852595e-01 -5.7849878973e-01 0.0000000000e+00)	0
1.35833           	nut               	0.0000000000e+00	(1.3995477722e-01 -1.9826261104e-01 0.0000000000e+00)	0	8.9407428475e-04	(4.5000000000e-01 -6.5000000000e-01 0.0000000000e+00)	0
1.35833           	U                 	(6.9530305265e-01 -2.1881702170e-01 -2.7625417048e-23)	(9.5000000000e-01 -4.5000000000e-01 0.0000000000e+00)	0	(1.0348489010e+00 2.0304444324e-01 1.5500703615e-22)	(-1.0740341057e-01 -6.5555650189e-02 -1.5996587366e-17)	0
1.35833           	k                 	1.0719864975e-08	(7.6116796359e-01 -4.7720780598e-01 0.0000000000e+00)	0	1.5317417872e-02	(2.7109905415e-02 -1.9368870618e-01 0.0000000000e+00)	0
1.35833           	p                 	-6.8454521747e-01	(7.5704129842e-02 -1.8614085604e-01 0.0000000000e+00)	0	7.8415762565e-01	(2.3828421458e-02 -2.1719687276e-01 -1.1418646979e-17)	0
1.35833           	omega             	4.6096045132e+00	(4.5000000000e-01 -6.5000000000e-01 0.0000000000e+00)	0	7.8141746168e+04	(9.3595966148e-01 -5.7762771667e-01 0.0000000000e+00)	0
1.36667           	nut               	0.0000000000e+00	(1.4018979969e-01 -1.9594511165e-01 0.0000000000e+00)	0	8.8946493923e-04	(4.5000000000e-01 -6.5000000000e-01 0.0000000000e+00)	0
1.36667           	U                 	(6.7115772661e-01 -1.7504670951e-01 -7.3511652405e-23)	(1.1116504577e+00 -5.1837328992e-01 -2.3225803035e-17)	0	(1.0596527477e+00 2.5410946949e-01 6.6054395374e-22)	(-6.0798070633e-02 -8.2097008470e-02 3.0320643330e-17)	0
1.36667           	k                 	7.8973882354e-09	(7.6090061160e-01 -4.7600641331e-01 0.0000000000e+00)	0	1.5423326809e-02	(2.7353331214e-02 -1.9116838887e-01 -3.2698250419e-17)	0
1.36667           	p                 	-8.2794839298e-01	(7.5961043516e-02 -1.8370789329e-01 0.0000000000e+00)	0	6.4914853759e-01	(2.4029599407e-02 -2.1467061939e-01 -3.3287622777e-17)	0
1.36667           	omega             	4.6162146351e+00	(4.5000000000e-01 -6.5000000000e-01 0.0000000000e+00)	0	7.8141746167e+04	(9.3551153422e-01 -5.7674032921e-01 0.0000000000e+00)	0
1.375             	nut               	0.0000000000e+00	(1.4042398732e-01 -1.9362137447e-01 0.0000000000e+00)	0	8.8413934912e-04	(4.5000000000e-01 -6.5000000000e-01 0.0000000000e+00)	0
1.375             	U                 	(6.7867470123e-01 -2.1616216889e-01 -2.2429898546e-23)	(9.5000000000e-01 -4.5000000000e-01 0.0000000000e+00)	0	(1.0366557828e+00 2.0421118303e-01 2.1447797207e-22)	(-1.0645702655e-01 -6.0028801643e-02 7.2272917656e-18)	0
1.375             	k                 	7.3020986015e-09	(7.6063352115e-01 -4.7479103650e-01 0.0000000000e+00)	0	1.5538093096e-02	(2.7596231779e-02 -1.8864309380e-01 -2.5128129526e-17)	0
1.375             	p                 	-7.6590281127e-01	(7.6217193588e-02 -1.8126944055e-01 0.0000000000e+00)	0	7.2064268938e-01	(2.4230522048e-02 -2.1213934947e-01 -2.2837293958e-17)	0
1.375             	omega             	4.6259551399e+00	(4.5000000000e-01 -6.5000000000e-01 0.0000000000e+00)	0	7.8141746166e+04	(9.3506421908e-01 -5.7583670803e-01 0.0000000000e+00)	0
1.38333           	nut               	0.0000000000e+00	(1.4065730827e-01 -1.9129158240e-01 0.0000000000e+00)	0	8.7782350154e-04	(4.5000000000e-01 -6.5000000000e-01 0.0000000000e+00)	0
1.38333           	U                 	(6.8575389587e-01 -2.0499600726e-01 -1.5476813763e-22)	(1.0649017213e+00 -4.9772469098e-01 -2.4231195900e-17)	0	(1.1104279507e+00 3.6948237103e-01 1.5627264620e-22)	(-7.1844425868e-03 -1.1262193423e-01 -2.3179040084e-17)	0
1.38333           	k                 	1.0513948178e-08	(7.6036674133e-01 -4.7356177792e-01 0.0000000000e+00)	0	1.5660799021e-02	(2.7838567788e-02 -1.8611302128e-01 2.5128129526e-17)	0
1.38333           	p                 	-1.0578334536e+00	(7.6472542467e-02 -1.7882569006e-01 0.0000000000e+00)	0	4.3573135336e-01	(2.4431153544e-02 -2.0960326523e-01 0.0000000000e+00)	0
1.38333           	omega             	4.6401580709e+00	(4.5000000000e-01 -6.5000000000e-01 0.0000000000e+00)	0	7.8141746165e+04	(9.3461779132e-01 -5.7491693414e-01 0.0000000000e+00)	0
1.39167           	nut               	0.0000000000e+00	(1.4088973059e-01 -1.8895591822e-01 0.0000000000e+00)	0	8.7073807499e-04	(4.5000000000e-01 -6.5000000000e-01 0.0000000000e+00)	0
1.39167           	U                 	(7.4187620957e-01 -8.3540431558e-02 -1.9103020150e-23)	(5.3097099398e-02 -3.5260770780e-01 3.0386358076e-17)	0	(1.2925057761e+00 3.6810224828e-01 1.5201263748e-22)	(4.8973677211e-02 -1.0661622374e-01 -2.3943113512e-17)	0
1.39167           	k                 	1.4065885865e-08	(7.6010032149e-01 -4.7231874010e-01 0.0000000000e+00)	0	1.5781875267e-02	(2.8080299735e-02 -1.8357837146e-01 -3.2698250419e-17)	0
1.39167           	p                 	-9.4600795285e-01	(7.6727052413e-02 -1.7637683390e-01 0.0000000000e+00)	0	5.4850549563e-01	(2.4631457867e-02 -2.0706256875e-01 -1.1418646979e-17)	0
1.39167           	omega             	4.5833933920e+00	(8.5000000000e-01 -7.5000000000e-01 0.0000000000e+00)	0	7.8141746164e+04	(9.3417232660e-01 -5.7398108883e-01 0.0000000000e+00)	0
1.4               	nut               	0.0000000000e+00	(1.4112122223e-01 -1.8661456456e-01 0.0000000000e+00)	0	8.6309409199e-04	(4.5000000000e-01 -6.5000000000e-01 0.0000000000e+00)	0
1.4               	U                 	(3.3624631570e-01 -8.6460294644e-02 -7.4940820523e-23)	(1.0906517023e+00 -5.6190087968e-01 2.2343159680e-17)	0	(1.2945044319e+00 3.6826124342e-01 1.5109634545e-22)	(4.9349598042e-02 -1.0411392729e-01 -3.1153231565e-17)	0
1.4               	k                 	1.7708703397e-08	(7.5983431123e-01 -4.7106202579e-01 0.0000000000e+00)	0	1.5901732537e-02	(2.8321387933e-02 -1.8103934432e-01 -1.7558008632e-17)	0
1.4               	p                 	-8.9538359025e-01	(4.9224098923e-02 -1.7467830804e-01 0.0000000000e+00)	0	6.0539582573e-01	(2.4831398799e-02 -2.0451746197e-01 0.0000000000e+00)	0
1.4               	omega             	4.5364438075e+00	(8.5000000000e-01 -7.5000000000e-01 0.0000000000e+00)	0	7.8141746162e+04	(9.3372790094e-01 -5.7302925372e-01 0.0000000000e+00)	0
