[-1.01000000e+01 -2.01620767e+00 -1.00810384e+00 -1.00810384e+00
  7.37609720e+00  7.52274214e-01  6.62382299e+00 -2.93577439e+00
 -7.57001454e-21 -1.72751724e-21 -1.48733376e-20 -9.16418602e-21
 -5.70915153e-21]
[-1.02000000e+01 -2.82090806e+00 -1.41045403e+00 -1.41045403e+00
  6.69228701e+00  1.34901223e+00  5.34327478e+00 -1.99713128e+00
  4.74243032e-21 -7.21941298e-21  1.77692547e-21 -6.33095025e-21
  8.10787572e-21]
[-1.03000000e+01 -5.05012231e-01 -2.52506115e-01 -2.52506115e-01
  1.61081339e+00  5.91712323e-01  1.01910106e+00 -2.13694370e-01
 -4.65393213e-21 -1.92793354e-21 -8.74842515e-21 -6.30214612e-21
 -2.44627903e-21]
[-1.04000000e+01 -1.73585952e+00 -8.67929761e-01 -8.67929761e-01
  3.77215332e+00  1.13125321e+00  2.64090011e+00 -7.54823448e-01
 -3.85558948e-21  1.01710431e-20  1.69422602e-21  1.10181562e-20
 -9.32393014e-21]
