[-1.07000000e+01 -3.26738761e+00 -1.63369381e+00 -1.63369381e+00
 -1.16030635e+01  1.99038540e+00 -1.35934489e+01  7.79191714e+00
 -1.38291544e-20 -1.27333104e-20 -2.37750000e-20 -2.46208104e-20
  8.45810418e-22]
[-1.08000000e+01 -6.24643010e+00 -3.12321505e+00 -3.12321505e+00
 -1.14513866e+01  3.48083211e+00 -1.49322187e+01  9.20652542e+00
  1.42415178e-19  1.50325716e-19  2.06604300e-19  2.53627866e-19
 -4.70235661e-20]
[-1.09000000e+01 -8.97486135e+00 -4.48743067e+00 -4.48743067e+00
 -1.04865363e+01  5.04621388e+00 -1.55327502e+01  1.02894820e+01
 -1.32458464e-20 -3.85105760e-22 -3.00430438e-20 -1.54066277e-20
 -1.46364161e-20]
[-1.10000000e+01 -1.18781155e+01 -5.93905774e+00 -5.93905774e+00
 -9.04058346e+00  6.77020107e+00 -1.58107845e+01  1.12904928e+01
 -1.47460044e-20 -8.86369494e-21 -4.13714428e-20 -2.95494164e-20
 -1.18220265e-20]
[-1.11000000e+01 -1.36050372e+01 -6.80251859e+00 -6.80251859e+00
 -6.03692241e+00  7.97343051e+00 -1.40103529e+01  1.09918917e+01
 -6.34367678e-21 -9.69463698e-22 -5.76726797e-22 -1.25782710e-21
  6.81100300e-22]
[-1.12000000e+01 -1.18307891e+01 -5.91539453e+00 -5.91539453e+00
 -2.47806608e+00  7.35976367e+00 -9.83782975e+00  8.59879671e+00
  2.45819359e-20  2.86650424e-20  8.06181114e-20  6.89740981e-20
  1.16440133e-20]
[-1.13000000e+01 -1.02475727e+01 -5.12378637e+00 -5.12378637e+00
  2.94683589e-01  6.89291360e+00 -6.59823001e+00  6.74557180e+00
  1.28939492e-20  1.17333578e-20  3.06823094e-20  2.70745125e-20
  3.60779694e-21]
[-1.14000000e+01 -5.74489867e+00 -2.87244934e+00 -2.87244934e+00
  9.01282094e-01  4.28377398e+00 -3.38249189e+00  3.83313294e+00
  5.85762847e-20  1.01976164e-20  6.95748020e-20  4.49850174e-20
  2.45897846e-20]
[-1.15000000e+01 -3.69785460e+00 -1.84892730e+00 -1.84892730e+00
  9.85212088e-01  2.89223853e+00 -1.90702644e+00  2.39963248e+00
  3.70010596e-20  3.75787511e-20  9.36583276e-20  8.44079148e-20
  9.25041272e-21]
[-1.16000000e+01 -9.29939250e-01 -4.64969625e-01 -4.64969625e-01
 -1.50521296e+00  5.15593894e-01 -2.02080685e+00  1.26820037e+00
  6.05559609e-20  8.19746850e-20  1.59882767e-19  1.61916068e-19
 -2.03330176e-21]
