[[ 6.06783885e-02 -8.18399186e-04  4.10770867e-22  1.66885761e-02
  -7.96628476e-04  4.06280243e-22  4.39898124e-02 -2.17707100e-05
   4.49062376e-24 -2.20775047e-22  5.03931747e-23  3.00254354e-02
  -2.18573268e-22  5.06232909e-23  8.03960064e-03 -2.20177896e-24
  -2.30116123e-25  2.19858347e-02]]
[[ 1.00810384e+00 -3.68804860e+00 -7.43666878e-21  8.94586031e-01
  -3.69807856e+00 -5.48952806e-21  1.13517805e-01  1.00299646e-02
  -1.94714072e-21  3.78500727e-21  8.63758621e-22 -1.46788719e+00
   2.96876880e-21 -8.03423342e-22 -1.52867359e+00  8.16238467e-22
   1.66718196e-21  6.07863977e-02]]
[[ 1.41045403e+00 -3.34614350e+00  8.88462734e-22  1.32528205e+00
  -3.35413794e+00  7.86716534e-22  8.51719846e-02  7.99443263e-03
   1.01746200e-22 -2.37121516e-21  3.60970649e-21 -9.98565638e-01
  -2.25995653e-21  3.75708640e-21 -1.04724819e+00 -1.11258631e-22
  -1.47379907e-22  4.86825481e-02]]
[[ 2.52506115e-01 -8.05406693e-01 -4.37421257e-21  2.11582038e-01
  -8.00947853e-01 -4.37429574e-21  4.09240776e-02 -4.45884019e-03
   8.31633153e-26  2.32696607e-21  9.63966772e-22 -1.06847185e-01
   2.32599801e-21  9.66487207e-22 -1.31722868e-01  9.68060266e-25
  -2.52043527e-24  2.48756825e-02]]
