[[ 2.99316917e-01  1.55660409e+01  1.74412953e-20  1.57255806e-01
   1.55331776e+01  1.73806192e-20  1.42061111e-01  3.28632752e-02
   6.06761490e-23 -8.16284754e-21  5.38571846e-21  1.07457228e+01
  -8.13350042e-21  5.43513152e-21  1.06485935e+01 -2.93471178e-23
  -4.94130620e-23  9.71293333e-02]]
[[ 1.63369381e+00  5.80153174e+00 -1.18875000e-20  1.52480462e+00
   5.80391205e+00 -8.95913768e-21  1.08889187e-01 -2.38031406e-03
  -2.92836232e-21  6.91457720e-21  6.36665521e-21  3.89595857e+00
   4.89264500e-21  3.28610845e-21  3.84998112e+00  2.02193219e-21
   3.08054675e-21  4.59774466e-02]]
[[ 3.12321505e+00  5.72569331e+00  1.03302150e-19  3.03833826e+00
   5.72823465e+00  9.55986518e-20  8.48767870e-02 -2.54133446e-03
   7.70349833e-21 -7.12075889e-20 -7.51628581e-20  4.60326271e+00
  -6.56689852e-20 -6.95148595e-20  4.57248155e+00 -5.53860364e-21
  -5.64799862e-21  3.07811595e-02]]
[[ 4.48743067e+00  5.24326814e+00 -1.50215219e-20  4.44745195e+00
   5.21401767e+00 -9.98818212e-21  3.99787227e-02  2.92504678e-02
  -5.03333977e-21  6.62292319e-21  1.92552880e-22  5.14474101e+00
   1.97638872e-21 -3.50264470e-21  5.12780713e+00  4.64653446e-21
   3.69519758e-21  1.69338805e-02]]
[[ 5.93905774e+00  4.52029173e+00 -2.06857214e-20  5.93848171e+00
   4.41914312e+00 -2.25523705e-20  5.76030878e-04  1.01148609e-01
   1.86664909e-21  7.37300220e-21  4.43184747e-21  5.64524640e+00
   8.70230079e-21  5.37259184e-21  5.62388053e+00 -1.32929858e-21
  -9.40744368e-22  2.13658678e-02]]
[[ 6.80251859e+00  3.01846120e+00 -2.88363399e-22  6.79816723e+00
   2.86410780e+00  8.04371019e-22  4.35136006e-03  1.54353402e-01
  -1.09273442e-21  3.17183839e-21  4.84731849e-22  5.49594586e+00
   2.42837489e-21  7.26129495e-23  5.45229763e+00  7.43463498e-22
   4.12118900e-22  4.36482259e-02]]
[[ 5.91539453e+00  1.23903304e+00  4.03090557e-20  5.87916660e+00
   1.04563920e+00  4.06269044e-20  3.62279222e-02  1.93393842e-01
  -3.17848693e-22 -1.22909679e-20 -1.43325212e-20  4.29939835e+00
  -1.22510979e-20 -1.44751184e-20  4.22521391e+00 -3.98700692e-23
   1.42597207e-22  7.41844409e-02]]
[[ 5.12378637e+00 -1.47341794e-01  1.53411547e-20  5.03997272e+00
  -3.48892302e-01  1.47226752e-20  8.38136471e-02  2.01550507e-01
   6.18479472e-22 -6.44697459e-21 -5.86667888e-21  3.37278590e+00
  -4.98111849e-21 -5.83504785e-21  3.27120346e+00 -1.46585610e-21
  -3.16310324e-23  1.01582443e-01]]
[[ 2.87244934e+00 -4.50641047e-01  3.47874010e-20  2.74297662e+00
  -6.38365399e-01  3.75584827e-20  1.29472713e-01  1.87724352e-01
  -2.77108171e-21 -2.92881424e-20 -5.09880820e-21  1.91656647e+00
  -3.15300306e-20 -5.61459070e-21  1.79550580e+00  2.24188818e-21
   5.15782503e-22  1.21060672e-01]]
[[ 1.84892730e+00 -4.92606044e-01  4.68291638e-20  1.67814554e+00
  -6.48645772e-01  5.01934743e-20  1.70781762e-01  1.56039728e-01
  -3.36431055e-21 -1.85005298e-20 -1.87893755e-20  1.19981624e+00
  -2.07307239e-20 -1.92828244e-20  1.06779830e+00  2.23019409e-21
   4.93448919e-22  1.32017944e-01]]
